TRINITY_DN13_c0_g3_i7	XP_032949943.1	598	81.104	589	1519	2.52e-179
TRINITY_DN13_c0_g3_i7	XP_032949943.1	301	75.083	439	1129	6.09e-128
TRINITY_DN13_c0_g3_i7	XP_032949943.1	123	86.179	178	452	3.83e-44
TRINITY_DN237_c0_g1_i8	XP_032954294.1	215	76.279	317	811	2.07e-104
TRINITY_DN269_c0_g1_i1	XP_036290784.1	105	98.095	128	321	4.87e-37
TRINITY_DN655_c0_g1_i5	XP_036301039.1	396	59.596	466	1199	7.55e-137
TRINITY_DN655_c0_g1_i5	XP_036301039.1	626	38.339	359	922	6.39e-101
TRINITY_DN764_c0_g1_i6	XP_032976853.1	275	94.909	546	1406	0.0
TRINITY_DN767_c0_g1_i12	XP_032978595.1	73	93.151	136	342	2.01e-33
TRINITY_DN767_c0_g1_i11	XP_032978595.1	73	93.151	136	342	1.97e-33
TRINITY_DN797_c0_g4_i3	XP_036280149.1	177	94.350	351	901	3.38e-112
TRINITY_DN797_c0_g4_i7	XP_036280149.1	300	89.000	530	1364	0.0
TRINITY_DN797_c0_g2_i2	XP_032951775.1	676	82.249	1128	2917	0.0
TRINITY_DN814_c0_g1_i5	XP_032984256.1	179	91.620	353	905	9.85e-106
TRINITY_DN828_c0_g1_i12	XP_032989063.1	496	79.032	752	1941	0.0
TRINITY_DN922_c1_g2_i1	XP_036291286.1	215	83.721	377	967	2.31e-125
TRINITY_DN922_c1_g2_i3	XP_032980967.1	168	94.643	344	882	1.05e-114
TRINITY_DN912_c0_g1_i1	XP_032951200.1	263	73.764	326	836	6.45e-107
TRINITY_DN932_c2_g2_i1	XP_036301047.1	383	34.204	179	454	7.17e-45
TRINITY_DN932_c2_g1_i1	XP_036263900.1	369	39.024	205	521	7.18e-148
TRINITY_DN932_c2_g1_i1	XP_036263900.1	155	63.226	202	515	7.18e-148
TRINITY_DN932_c2_g1_i1	XP_036263900.1	146	45.890	126	317	7.18e-148
TRINITY_DN932_c2_g1_i1	XP_036263900.1	34	55.882	47.4	111	7.18e-148
TRINITY_DN932_c2_g1_i1	XP_036263900.1	26	38.462	30.8	68	7.18e-148
TRINITY_DN932_c2_g1_i1	XP_036263900.1	116	58.621	117	292	2.97e-33
TRINITY_DN932_c2_g1_i1	XP_036263900.1	50	42.000	47.8	112	2.97e-33
TRINITY_DN932_c0_g1_i6	XP_036301039.1	381	36.745	223	569	5.86e-63
TRINITY_DN932_c0_g1_i6	XP_036301039.1	47	48.936	41.6	96	5.86e-63
TRINITY_DN1064_c0_g2_i1	XP_032987635.1	183	92.350	344	883	1.12e-112
TRINITY_DN1136_c0_g3_i1	XP_032987930.1	51	80.392	88.6	218	2.08e-32
TRINITY_DN1136_c0_g3_i1	XP_032987930.1	52	59.615	69.7	169	2.08e-32
TRINITY_DN1221_c0_g3_i3	XP_032984424.1	211	90.995	362	929	9.63e-128
TRINITY_DN1245_c0_g1_i4	XP_032951891.1	123	91.057	232	592	9.79e-68
TRINITY_DN1245_c0_g1_i4	XP_032951891.1	74	85.135	134	336	1.25e-32
TRINITY_DN1245_c0_g1_i1	XP_032951891.1	292	91.781	554	1428	0.0
TRINITY_DN1257_c0_g1_i7	XP_032984519.1	693	53.247	709	1830	0.0
TRINITY_DN1257_c0_g1_i7	XP_032984519.1	237	40.506	148	374	6.62e-35
TRINITY_DN1257_c0_g1_i11	XP_032984519.1	693	53.247	709	1830	0.0
TRINITY_DN1257_c0_g1_i11	XP_032984519.1	237	40.506	145	366	1.27e-33
TRINITY_DN1359_c4_g1_i1	XP_036301039.1	534	46.629	451	1161	0.0
TRINITY_DN1359_c4_g1_i1	XP_036301039.1	145	61.379	175	443	0.0
TRINITY_DN1359_c4_g1_i1	XP_036301039.1	101	41.584	72.8	177	0.0
TRINITY_DN1449_c0_g1_i5	XP_032975976.1	133	97.744	222	566	1.10e-73
TRINITY_DN1573_c5_g1_i1	XP_032988436.1	64	87.500	128	322	1.16e-32
TRINITY_DN1568_c0_g1_i2	XP_036293742.1	89	100.000	188	478	4.82e-56
TRINITY_DN1599_c0_g2_i1	XP_036269120.1	148	90.541	284	726	2.27e-95
TRINITY_DN1610_c0_g1_i14	XP_036298716.1	103	86.408	187	475	3.75e-51
TRINITY_DN1610_c0_g1_i12	XP_036298716.1	102	86.275	187	476	3.05e-51
TRINITY_DN1682_c0_g1_i9	XP_032965581.1	151	68.212	182	461	5.21e-51
TRINITY_DN1682_c0_g1_i9	XP_032965581.1	87	94.253	169	428	1.16e-46
TRINITY_DN1809_c0_g1_i1	XP_032964395.1	211	98.578	435	1119	2.63e-145
TRINITY_DN1809_c0_g1_i1	XP_032964395.1	104	91.346	203	517	6.83e-57
TRINITY_DN2067_c0_g1_i1	XP_032984674.1	88	100.000	179	455	2.34e-51
TRINITY_DN2067_c0_g1_i1	XP_032984674.1	58	98.276	124	311	7.36e-32
TRINITY_DN2067_c0_g1_i12	XP_032984674.1	94	73.404	129	325	8.31e-34
TRINITY_DN2067_c0_g1_i12	XP_032984674.1	57	100.000	124	310	1.05e-31
TRINITY_DN2088_c0_g1_i1	XP_036276175.1	224	92.857	456	1174	1.87e-149
TRINITY_DN2088_c0_g1_i8	XP_036276175.1	356	83.146	615	1587	0.0
TRINITY_DN2347_c19_g1_i1	XP_032965294.1	116	80.172	168	426	9.93e-46
TRINITY_DN2495_c1_g1_i1	XP_036300948.1	60	95.000	126	316	2.41e-32
TRINITY_DN2554_c0_g1_i6	XP_036274192.1	390	75.897	578	1490	0.0
TRINITY_DN2537_c0_g1_i6	XP_036292123.1	150	98.667	285	728	2.19e-95
TRINITY_DN2537_c0_g1_i2	XP_036292123.1	150	98.667	284	727	3.26e-96
TRINITY_DN2537_c0_g2_i2	XP_036308771.1	109	100.000	228	582	9.42e-78
TRINITY_DN2637_c0_g1_i4	XP_036307744.1	209	91.388	409	1050	2.29e-137
TRINITY_DN2637_c0_g1_i4	XP_036307744.1	47	97.872	103	256	2.29e-137
TRINITY_DN2757_c0_g1_i7	XP_032947308.1	306	77.451	503	1296	6.08e-175
TRINITY_DN2757_c0_g1_i1	XP_032947308.1	129	69.767	191	486	1.97e-53
TRINITY_DN2757_c0_g1_i1	XP_032947308.1	101	76.238	164	416	4.19e-44
TRINITY_DN2765_c0_g4_i1	XP_032988043.1	154	99.351	286	732	3.66e-96
TRINITY_DN2765_c0_g1_i6	XP_032983820.1	78	82.051	143	361	7.49e-36
TRINITY_DN2765_c0_g1_i2	XP_032983812.1	400	86.750	643	1659	0.0
TRINITY_DN2890_c0_g1_i4	XP_036308663.1	143	98.601	211	537	2.21e-61
TRINITY_DN3098_c1_g2_i1	XP_032966758.1	366	62.842	444	1141	1.46e-152
TRINITY_DN3167_c0_g1_i1	XP_036301047.1	108	74.074	168	426	4.56e-49
TRINITY_DN3157_c0_g2_i1	XP_032944414.1	315	93.651	223	567	1.12e-64
TRINITY_DN3839_c0_g1_i1	XP_036312683.1	85	90.588	132	332	6.08e-40
TRINITY_DN3951_c0_g2_i1	XP_036271446.1	182	95.055	361	927	4.21e-149
TRINITY_DN3951_c0_g2_i1	XP_036271446.1	88	100.000	187	475	4.21e-149
TRINITY_DN3990_c1_g2_i2	XP_032965142.1	404	75.248	517	1331	4.97e-178
TRINITY_DN4293_c1_g1_i2	XP_036298754.1	651	42.089	365	936	2.41e-114
TRINITY_DN4323_c0_g6_i1	XP_032955886.1	88	90.909	164	415	5.72e-51
TRINITY_DN4586_c0_g1_i3	XP_036301047.1	356	41.573	217	553	2.20e-67
TRINITY_DN4586_c0_g1_i3	XP_036301047.1	117	35.043	48.1	113	2.20e-67
TRINITY_DN4586_c0_g1_i3	XP_036301047.1	70	32.857	34.3	77	2.20e-67
TRINITY_DN5180_c0_g1_i2	XP_032955534.1	419	60.143	391	1005	4.19e-130
TRINITY_DN5330_c0_g1_i1	XP_036268710.1	199	95.477	318	816	5.04e-104
TRINITY_DN5556_c0_g2_i1	XP_032943339.1	372	80.645	526	1355	7.31e-178
TRINITY_DN5911_c0_g1_i1	XP_032948671.1	61	96.721	128	322	6.16e-33
TRINITY_DN5980_c0_g5_i1	XP_036292840.1	242	97.107	489	1259	6.01e-174
TRINITY_DN5980_c1_g2_i1	XP_036275172.1	192	85.938	347	890	3.70e-113
TRINITY_DN6035_c1_g1_i4	XP_032969588.1	227	89.427	292	748	2.20e-84
TRINITY_DN6141_c0_g1_i1	XP_032962399.1	176	97.159	360	925	4.24e-119
TRINITY_DN6293_c0_g1_i1	XP_032950880.1	98	89.796	185	469	5.15e-56
TRINITY_DN6326_c1_g1_i1	XP_032948216.1	207	54.589	211	538	1.59e-62
TRINITY_DN6451_c0_g2_i2	XP_032946833.1	76	89.474	141	356	3.23e-41
TRINITY_DN6509_c0_g2_i2	XP_032984622.1	139	97.122	249	636	7.96e-76
TRINITY_DN6572_c2_g1_i3	XP_032984519.1	362	34.530	167	422	8.88e-64
TRINITY_DN6572_c2_g1_i3	XP_032984519.1	241	33.610	101	251	8.88e-64
TRINITY_DN6572_c2_g1_i3	XP_032984519.1	426	34.507	183	464	5.10e-45
TRINITY_DN6572_c2_g1_i5	XP_032984519.1	362	34.530	167	422	6.79e-64
TRINITY_DN6572_c2_g1_i5	XP_032984519.1	241	33.610	101	251	6.79e-64
TRINITY_DN6572_c2_g1_i5	XP_032984519.1	426	34.507	183	464	3.36e-45
TRINITY_DN6916_c0_g5_i2	XP_032953980.1	67	100.000	147	370	1.24e-41
TRINITY_DN7061_c0_g2_i1	XP_036295216.1	204	92.647	406	1043	1.77e-133
TRINITY_DN7061_c0_g2_i2	XP_036295216.1	261	93.487	527	1357	0.0
TRINITY_DN7417_c0_g1_i1	XP_036291622.1	140	81.429	243	619	5.48e-77
TRINITY_DN7417_c0_g1_i3	XP_036291622.1	188	76.596	288	736	1.32e-95
TRINITY_DN7401_c0_g1_i1	XP_036306566.1	193	97.927	401	1030	5.35e-133
TRINITY_DN7401_c0_g8_i1	XP_036306566.1	117	94.872	235	600	1.18e-73
TRINITY_DN7528_c0_g1_i4	XP_032977641.1	378	77.513	617	1591	0.0
TRINITY_DN7610_c0_g3_i1	XP_032946110.1	170	74.706	225	574	7.09e-67
TRINITY_DN7619_c0_g1_i3	XP_036302786.1	252	92.063	209	533	3.32e-57
TRINITY_DN7619_c0_g1_i3	XP_036302786.1	107	92.523	150	380	4.69e-37
TRINITY_DN7863_c0_g3_i5	XP_036281861.1	85	94.118	166	419	2.36e-44
TRINITY_DN8466_c0_g2_i3	XP_032965440.1	119	95.798	206	525	2.53e-66
TRINITY_DN9070_c0_g1_i1	XP_036287815.1	119	74.790	189	481	1.25e-52
TRINITY_DN9029_c0_g4_i1	XP_036316471.1	102	84.314	181	459	3.60e-54
TRINITY_DN9134_c0_g2_i1	XP_032953730.1	70	80.000	126	316	1.54e-34
TRINITY_DN9435_c0_g2_i6	XP_032986962.1	150	66.667	216	549	3.93e-60
TRINITY_DN9591_c0_g7_i1	XP_032956799.1	311	84.244	525	1351	2.26e-180
TRINITY_DN9591_c0_g1_i1	XP_036291916.1	240	80.833	355	912	9.34e-115
TRINITY_DN9717_c0_g1_i6	XP_032979186.1	97	88.660	152	385	3.68e-47
TRINITY_DN9870_c1_g3_i5	XP_032968686.1	170	88.235	306	785	1.17e-99
TRINITY_DN9816_c0_g1_i3	XP_036291887.1	174	74.713	256	653	8.90e-84
TRINITY_DN10061_c0_g2_i1	XP_036307012.1	157	96.178	150	379	1.11e-39
TRINITY_DN10448_c0_g5_i1	XP_036307773.1	70	92.857	147	372	1.93e-42
TRINITY_DN10683_c0_g1_i1	XP_032952734.1	126	88.095	137	345	2.34e-36
TRINITY_DN10756_c0_g3_i5	XP_032953312.1	301	90.698	554	1428	0.0
TRINITY_DN11073_c0_g1_i1	XP_036299229.1	102	80.392	191	484	5.91e-59
TRINITY_DN11378_c0_g2_i3	XP_036312709.1	118	92.373	241	615	1.15e-71
TRINITY_DN11406_c0_g1_i4	XP_036282080.1	153	88.235	293	751	2.83e-97
TRINITY_DN11460_c0_g1_i1	XP_036304253.1	249	87.550	466	1198	6.35e-163
TRINITY_DN11528_c0_g2_i1	XP_032955887.1	245	86.531	421	1083	5.87e-138
TRINITY_DN12035_c0_g2_i2	XP_032970237.1	81	81.481	149	375	3.25e-71
TRINITY_DN12035_c0_g2_i2	XP_032970237.1	68	92.647	139	350	3.25e-71
TRINITY_DN12554_c0_g2_i3	XP_032948936.1	113	91.150	221	563	4.92e-64
TRINITY_DN12668_c0_g1_i1	XP_032966586.1	655	56.947	496	1278	2.67e-160
TRINITY_DN12668_c0_g1_i2	XP_032966565.1	999	64.064	1009	2609	0.0
TRINITY_DN12808_c0_g1_i7	XP_032983484.1	132	70.455	182	463	8.54e-56
TRINITY_DN13662_c0_g1_i1	XP_032985478.1	108	99.074	222	566	5.47e-72
TRINITY_DN13618_c0_g4_i1	XP_032964392.1	78	79.487	133	335	1.43e-37
TRINITY_DN13994_c1_g1_i8	XP_032956872.1	176	82.955	310	794	1.61e-105
TRINITY_DN13994_c1_g1_i10	XP_032956873.1	103	77.670	174	440	1.21e-49
TRINITY_DN13994_c1_g1_i10	XP_032956873.1	97	65.979	123	309	1.08e-31
TRINITY_DN14156_c0_g4_i1	XP_032985547.1	454	72.687	640	1652	0.0
TRINITY_DN14497_c0_g4_i1	XP_032990567.1	116	83.621	188	477	2.63e-53
TRINITY_DN14467_c0_g1_i4	XP_032957976.1	192	90.104	355	912	7.65e-123
TRINITY_DN14463_c1_g2_i2	XP_032951534.1	197	81.726	288	737	2.01e-89
TRINITY_DN14594_c0_g1_i1	XP_032984519.1	403	31.762	152	384	3.71e-39
TRINITY_DN14541_c1_g1_i1	XP_036288452.1	96	93.750	192	487	4.19e-59
TRINITY_DN14541_c1_g4_i2	XP_036288452.1	143	96.503	263	672	1.01e-86
TRINITY_DN14828_c0_g1_i3	XP_032973640.1	64	93.750	138	347	1.76e-37
TRINITY_DN14878_c0_g1_i1	XP_036301039.1	112	69.643	169	427	4.18e-49
TRINITY_DN14939_c0_g1_i4	XP_032984519.1	753	45.817	644	1661	0.0
TRINITY_DN14939_c0_g1_i4	XP_032984519.1	280	39.643	172	436	5.56e-42
TRINITY_DN14939_c0_g1_i7	XP_032984519.1	339	50.147	354	909	4.08e-100
TRINITY_DN14939_c0_g1_i7	XP_032984519.1	265	40.377	170	430	1.47e-41
TRINITY_DN14939_c0_g1_i7	XP_032984519.1	281	30.961	135	339	8.33e-31
TRINITY_DN14939_c0_g1_i3	XP_032984519.1	356	49.719	365	938	6.19e-145
TRINITY_DN14939_c0_g1_i3	XP_032984519.1	280	39.643	172	436	6.19e-145
TRINITY_DN14939_c0_g1_i3	XP_032984519.1	281	30.961	135	339	8.68e-31
TRINITY_DN15013_c0_g1_i1	XP_036270642.1	183	91.257	350	898	2.68e-111
TRINITY_DN15271_c0_g4_i1	XP_032944082.1	290	86.897	451	1161	3.15e-133
TRINITY_DN15271_c0_g1_i2	XP_032944080.1	761	87.516	1312	3395	0.0
TRINITY_DN15469_c0_g3_i1	XP_032946411.1	188	99.468	387	993	3.11e-131
TRINITY_DN15674_c0_g6_i1	XP_036273737.1	137	99.270	281	720	1.67e-93
TRINITY_DN15674_c0_g7_i1	XP_032950674.1	190	90.000	367	942	4.45e-126
TRINITY_DN15674_c0_g3_i3	XP_036273739.1	96	96.875	199	505	1.87e-60
TRINITY_DN15793_c0_g3_i6	XP_032962818.1	477	79.245	722	1863	0.0
TRINITY_DN15793_c0_g3_i3	XP_036286198.1	258	54.264	190	482	5.75e-53
TRINITY_DN16011_c0_g2_i2	XP_036309428.1	189	99.471	394	1013	2.32e-139
TRINITY_DN16063_c0_g6_i2	XP_032956324.1	213	64.789	245	625	1.73e-73
TRINITY_DN16335_c0_g1_i2	XP_036301047.1	274	41.241	191	486	4.91e-54
TRINITY_DN16335_c0_g1_i16	XP_036317248.1	259	39.768	176	446	2.87e-81
TRINITY_DN16335_c0_g1_i16	XP_036317248.1	177	40.678	134	337	2.87e-81
TRINITY_DN16335_c0_g1_i16	XP_036317248.1	52	36.538	35.0	79	2.87e-81
TRINITY_DN16739_c1_g2_i1	XP_036286205.1	106	92.453	205	522	3.03e-57
TRINITY_DN16739_c1_g6_i1	XP_036264132.1	122	97.541	248	633	3.54e-80
TRINITY_DN17045_c0_g1_i1	XP_032988437.1	197	75.635	243	619	4.15e-79
TRINITY_DN17033_c1_g1_i3	XP_032947316.1	69	98.551	145	366	5.44e-43
TRINITY_DN17033_c1_g1_i2	XP_032947316.1	69	98.551	146	368	7.15e-45
TRINITY_DN17428_c0_g3_i1	XP_036274375.1	105	95.238	180	457	2.41e-53
TRINITY_DN18746_c0_g1_i3	XP_036301039.1	73	69.863	114	286	1.85e-38
TRINITY_DN18746_c0_g1_i3	XP_036301039.1	79	58.228	63.5	153	1.85e-38
TRINITY_DN18835_c0_g2_i1	XP_032982995.1	302	86.755	503	1295	1.09e-172
TRINITY_DN19263_c0_g3_i1	XP_032964018.1	163	94.479	300	767	5.13e-95
TRINITY_DN19497_c0_g2_i1	XP_032973655.1	73	100.000	148	374	8.36e-42
TRINITY_DN19588_c0_g1_i1	XP_036287978.1	189	77.778	273	697	9.12e-83
TRINITY_DN19588_c0_g2_i1	XP_036287978.1	138	77.536	186	473	7.19e-57
TRINITY_DN19706_c0_g1_i1	XP_032970248.1	215	99.535	445	1145	8.34e-158
TRINITY_DN19706_c0_g1_i2	XP_032970248.1	167	99.401	345	885	1.01e-110
TRINITY_DN20063_c0_g1_i1	XP_032966787.1	120	89.167	236	603	8.07e-73
TRINITY_DN20621_c0_g4_i1	XP_036265461.1	136	97.059	280	715	2.83e-90
TRINITY_DN21359_c0_g1_i1	XP_032974763.1	265	38.868	184	466	1.72e-48
TRINITY_DN22174_c0_g1_i9	XP_032983416.1	89	93.258	176	445	3.16e-71
TRINITY_DN22174_c0_g1_i9	XP_032983416.1	56	89.286	111	278	3.16e-71
TRINITY_DN22900_c0_g1_i1	XP_036317248.1	214	32.710	117	293	3.78e-34
TRINITY_DN22900_c0_g1_i1	XP_036317248.1	172	30.233	48.9	115	3.78e-34
TRINITY_DN23592_c0_g2_i3	XP_036306502.1	108	86.111	189	480	2.10e-56
TRINITY_DN23841_c0_g2_i1	XP_036286563.1	130	97.692	272	695	4.81e-85
TRINITY_DN24093_c0_g1_i1	XP_032991183.1	124	92.742	177	450	8.69e-54
TRINITY_DN24335_c0_g6_i1	XP_032952687.1	355	88.732	578	1490	0.0
TRINITY_DN25276_c0_g1_i7	XP_032981880.1	269	43.123	175	444	2.23e-79
TRINITY_DN25276_c0_g1_i7	XP_032981880.1	207	28.986	68.9	167	2.23e-79
TRINITY_DN25276_c0_g1_i7	XP_032981880.1	267	27.341	64.7	156	2.23e-79
TRINITY_DN25276_c0_g1_i7	XP_032981880.1	61	39.344	53.1	126	2.23e-79
TRINITY_DN25426_c0_g3_i2	XP_036317248.1	311	33.762	139	349	3.36e-34
TRINITY_DN25404_c0_g2_i2	XP_036271448.1	258	89.535	363	933	9.72e-121
TRINITY_DN26122_c0_g1_i4	XP_036301045.1	470	29.149	130	327	1.27e-34
TRINITY_DN26122_c0_g1_i4	XP_036301045.1	81	34.568	38.9	89	1.27e-34
TRINITY_DN26122_c0_g1_i2	XP_036301045.1	482	29.253	137	346	1.07e-39
TRINITY_DN26122_c0_g1_i2	XP_036301045.1	34	44.118	47.8	112	1.07e-39
TRINITY_DN27527_c0_g1_i1	XP_036301039.1	139	66.187	170	430	5.32e-49
TRINITY_DN27527_c0_g1_i2	XP_036301039.1	139	61.871	159	401	3.73e-45
TRINITY_DN28611_c0_g1_i2	XP_032965701.1	190	79.474	178	451	7.62e-52
TRINITY_DN28751_c0_g2_i1	XP_032955932.1	260	97.692	296	758	8.44e-91
TRINITY_DN29318_c0_g7_i1	XP_036292770.1	330	84.242	361	927	1.16e-112
TRINITY_DN29802_c0_g1_i5	XP_036317248.1	320	37.188	158	399	4.72e-39
TRINITY_DN31600_c0_g4_i1	XP_036271963.1	257	80.156	216	549	2.57e-63
TRINITY_DN31600_c0_g3_i3	XP_032978358.1	180	93.333	295	756	2.70e-93
TRINITY_DN31612_c0_g2_i2	XP_036286831.1	143	88.811	171	434	1.62e-49
TRINITY_DN31750_c0_g2_i5	XP_036275016.1	79	87.342	153	386	3.48e-73
TRINITY_DN31750_c0_g2_i5	XP_036275016.1	70	92.857	142	359	3.48e-73
TRINITY_DN31750_c0_g2_i6	XP_032991449.1	70	90.000	140	352	1.59e-46
TRINITY_DN31750_c0_g2_i6	XP_032991449.1	57	56.140	68.2	165	1.59e-46
TRINITY_DN31941_c0_g1_i2	XP_036298565.1	179	82.123	298	762	1.07e-102
TRINITY_DN32015_c0_g2_i1	XP_032982513.1	174	100.000	363	932	1.44e-125
TRINITY_DN32413_c0_g1_i6	XP_036263900.1	132	61.364	167	423	6.09e-48
TRINITY_DN32984_c0_g1_i1	XP_032984519.1	159	53.459	173	439	5.25e-50
TRINITY_DN33957_c0_g1_i4	XP_032953329.1	237	63.291	302	774	4.54e-97
TRINITY_DN33957_c0_g1_i5	XP_032953329.1	237	63.291	302	774	4.03e-97
TRINITY_DN36432_c0_g1_i2	XP_032977729.1	299	45.819	291	746	5.11e-95
TRINITY_DN38274_c0_g4_i2	XP_036271036.1	139	94.964	234	598	1.56e-75
TRINITY_DN41258_c0_g7_i1	XP_032952741.1	176	86.364	288	738	2.16e-87
TRINITY_DN41910_c0_g5_i1	XP_032979840.1	90	96.667	182	461	2.53e-55
TRINITY_DN42400_c0_g2_i1	XP_036267054.1	185	82.703	335	858	2.17e-106
TRINITY_DN44934_c0_g4_i3	XP_036314117.1	110	79.091	147	372	8.51e-45
TRINITY_DN45196_c0_g1_i1	XP_036272021.1	103	75.728	166	420	6.89e-47
TRINITY_DN47836_c0_g1_i1	XP_032949001.1	288	98.958	573	1478	0.0
TRINITY_DN47809_c0_g6_i1	XP_036287055.1	178	99.438	302	774	1.33e-100
TRINITY_DN47914_c1_g1_i1	XP_036283692.1	167	58.683	184	466	1.87e-53
TRINITY_DN48895_c0_g1_i2	XP_032950894.1	196	74.490	231	588	8.92e-75
TRINITY_DN53407_c0_g1_i2	XP_036263900.1	131	56.489	131	330	9.92e-36
TRINITY_DN53407_c0_g1_i3	XP_036296759.1	314	46.497	250	638	1.74e-109
TRINITY_DN53407_c0_g1_i3	XP_036296759.1	174	54.023	167	424	1.74e-109
TRINITY_DN55711_c0_g1_i4	XP_036276993.1	217	49.770	182	463	1.35e-53
TRINITY_DN57147_c0_g1_i3	XP_036298259.1	116	96.552	239	609	4.82e-74
TRINITY_DN57795_c0_g1_i1	XP_036301045.1	254	39.764	164	415	1.15e-44
TRINITY_DN61914_c0_g4_i1	XP_032947868.1	112	97.321	236	602	1.14e-75
TRINITY_DN62524_c1_g4_i1	XP_032953661.1	125	99.200	253	646	9.59e-85
TRINITY_DN67049_c0_g1_i1	XP_036298753.1	64	56.250	72.8	177	4.02e-34
TRINITY_DN67049_c0_g1_i1	XP_036298753.1	85	43.529	57.8	138	4.02e-34
TRINITY_DN67049_c0_g1_i1	XP_036298753.1	90	32.222	40.4	93	4.02e-34
TRINITY_DN67049_c0_g1_i1	XP_036298753.1	40	32.500	35.4	80	4.02e-34
TRINITY_DN71695_c0_g1_i1	XP_036286204.1	119	82.353	194	492	1.19e-61
TRINITY_DN71695_c0_g1_i1	XP_036286204.1	51	58.824	63.9	154	1.19e-61
TRINITY_DN79280_c0_g1_i1	XP_036301039.1	205	66.829	284	727	1.03e-98
TRINITY_DN79280_c0_g1_i1	XP_036301039.1	87	50.575	97.4	241	1.03e-98
TRINITY_DN80777_c0_g1_i1	XP_032948052.1	162	95.062	275	703	1.86e-85
TRINITY_DN89806_c0_g2_i1	XP_032986168.1	144	100.000	265	677	2.53e-82
TRINITY_DN90930_c0_g1_i3	XP_036283692.1	126	50.794	132	332	2.23e-47
TRINITY_DN90930_c0_g1_i3	XP_036283692.1	132	38.636	77.4	189	2.23e-47
TRINITY_DN94547_c1_g1_i1	XP_032958794.1	144	95.139	292	747	1.42e-92
TRINITY_DN97737_c0_g1_i2	XP_036301039.1	193	71.503	261	668	3.17e-80
TRINITY_DN178272_c0_g1_i1	XP_032988536.1	345	72.464	455	1171	1.02e-157
TRINITY_DN178796_c0_g1_i1	XP_036287981.1	155	81.935	211	537	1.14e-67
TRINITY_DN192169_c0_g1_i1	XP_036302646.1	87	80.460	133	335	3.96e-39
TRINITY_DN219694_c0_g1_i1	XP_036301039.1	102	78.431	167	422	1.22e-48
TRINITY_DN62_c0_g1_i13	XP_032976568.1	457	78.118	686	1770	0.0
TRINITY_DN62_c0_g1_i13	XP_032976568.1	238	43.277	180	456	6.37e-48
TRINITY_DN62_c0_g1_i13	XP_032976568.1	238	42.017	175	444	2.79e-46
TRINITY_DN62_c0_g1_i13	XP_032976568.1	238	42.017	175	444	2.79e-46
TRINITY_DN62_c0_g1_i13	XP_032976568.1	105	54.286	129	324	7.81e-31
TRINITY_DN183_c0_g1_i12	XP_032949732.1	402	59.204	408	1049	7.33e-134
TRINITY_DN183_c0_g1_i12	XP_032949732.1	196	53.061	152	384	2.56e-38
TRINITY_DN237_c0_g1_i5	XP_032955497.1	215	77.674	327	838	1.78e-108
TRINITY_DN237_c0_g1_i6	XP_032954294.1	92	76.087	128	322	2.33e-42
TRINITY_DN237_c0_g1_i6	XP_032954294.1	34	82.353	62.8	151	2.33e-42
TRINITY_DN237_c0_g1_i9	XP_032955497.1	215	74.884	295	756	3.69e-96
TRINITY_DN764_c0_g1_i4	XP_032976853.1	142	97.183	295	754	9.90e-141
TRINITY_DN764_c0_g1_i4	XP_032976853.1	114	93.860	226	576	9.90e-141
TRINITY_DN764_c0_g1_i7	XP_032976853.1	221	95.928	444	1143	4.04e-153
TRINITY_DN764_c0_g1_i2	XP_032976854.1	133	92.481	257	656	9.08e-83
TRINITY_DN764_c0_g1_i3	XP_032976854.1	79	93.671	155	392	7.28e-43
TRINITY_DN764_c0_g1_i9	XP_032976853.1	62	95.161	123	308	7.09e-33
TRINITY_DN745_c0_g1_i3	XP_032973271.1	180	84.444	270	690	1.22e-88
TRINITY_DN828_c0_g1_i1	XP_032989063.1	470	83.404	766	1979	0.0
TRINITY_DN828_c0_g1_i17	XP_036288139.1	338	90.533	624	1608	0.0
TRINITY_DN922_c1_g2_i2	XP_036291286.1	215	83.721	377	967	6.59e-126
TRINITY_DN922_c1_g2_i7	XP_036291286.1	215	83.721	377	967	5.66e-126
TRINITY_DN1245_c0_g1_i7	XP_032951891.1	323	90.402	555	1431	0.0
TRINITY_DN1245_c0_g1_i3	XP_032951891.1	202	89.109	325	832	2.55e-103
TRINITY_DN1245_c0_g1_i3	XP_032951891.1	123	91.057	232	592	3.93e-68
TRINITY_DN1343_c0_g1_i7	XP_032958157.1	134	52.985	133	334	3.17e-34
TRINITY_DN1449_c0_g1_i2	XP_032975976.1	89	98.876	137	346	3.07e-41
TRINITY_DN1568_c0_g1_i3	XP_032985910.1	106	100.000	223	568	4.84e-69
TRINITY_DN1542_c0_g5_i4	XP_036295293.1	135	97.037	266	681	7.70e-79
TRINITY_DN1682_c0_g1_i2	XP_036298831.1	87	94.253	168	426	3.24e-47
TRINITY_DN1682_c0_g1_i2	XP_036298831.1	73	89.041	139	350	4.67e-37
TRINITY_DN1682_c0_g1_i17	XP_032965581.1	233	78.970	349	895	3.20e-117
TRINITY_DN1682_c0_g1_i15	XP_032965581.1	151	68.212	182	462	2.37e-52
TRINITY_DN1682_c0_g1_i15	XP_032965581.1	82	98.780	170	430	6.54e-48
TRINITY_DN1682_c0_g1_i12	XP_036298831.1	87	94.253	168	426	4.32e-47
TRINITY_DN1682_c0_g1_i12	XP_036298831.1	73	89.041	139	350	6.47e-37
TRINITY_DN1809_c0_g1_i6	XP_032964395.1	337	96.736	682	1760	0.0
TRINITY_DN1809_c0_g1_i2	XP_036286205.1	119	97.479	237	604	4.16e-70
TRINITY_DN1809_c0_g1_i2	XP_036286205.1	62	85.484	115	288	4.65e-46
TRINITY_DN1809_c0_g1_i2	XP_036286205.1	44	95.455	92.0	227	4.65e-46
TRINITY_DN2067_c0_g1_i3	XP_032984674.1	84	97.619	169	427	1.79e-47
TRINITY_DN2067_c0_g1_i3	XP_032984674.1	57	100.000	122	307	2.54e-31
TRINITY_DN2067_c0_g1_i8	XP_032984674.1	174	72.414	235	599	8.26e-79
TRINITY_DN2067_c0_g1_i9	XP_032984674.1	151	83.444	247	630	6.37e-84
TRINITY_DN2067_c0_g1_i18	XP_032984674.1	88	100.000	179	455	2.79e-51
TRINITY_DN2067_c0_g1_i18	XP_032984674.1	57	100.000	122	307	2.31e-31
TRINITY_DN2067_c0_g1_i19	XP_032984674.1	84	79.762	127	320	4.26e-36
TRINITY_DN2067_c0_g1_i19	XP_032984674.1	57	100.000	124	310	1.44e-34
TRINITY_DN2067_c0_g1_i16	XP_032984674.1	94	73.404	129	325	9.19e-34
TRINITY_DN2067_c0_g1_i16	XP_032984674.1	57	100.000	122	307	2.23e-31
TRINITY_DN2067_c0_g1_i17	XP_032984674.1	145	100.000	297	761	1.58e-104
TRINITY_DN2067_c0_g1_i15	XP_032984674.1	69	91.304	128	322	7.07e-35
TRINITY_DN2067_c0_g1_i13	XP_032984674.1	185	68.108	230	587	9.07e-77
TRINITY_DN2554_c0_g1_i4	XP_036274192.1	332	74.096	468	1204	2.12e-155
TRINITY_DN2537_c0_g1_i5	XP_036292123.1	174	97.701	327	838	1.87e-113
TRINITY_DN2537_c0_g2_i1	XP_032948671.1	83	100.000	175	443	8.33e-56
TRINITY_DN2637_c0_g1_i1	XP_036307744.1	227	93.392	451	1161	1.64e-158
TRINITY_DN2757_c0_g1_i5	XP_032947308.1	205	76.585	328	841	4.98e-122
TRINITY_DN2757_c0_g1_i5	XP_032947308.1	85	74.118	132	331	4.98e-122
TRINITY_DN2757_c0_g1_i10	XP_032947312.1	98	86.735	177	449	3.01e-49
TRINITY_DN2765_c0_g4_i2	XP_032987996.1	117	99.145	237	605	3.18e-77
TRINITY_DN2765_c0_g1_i4	XP_032983812.1	375	86.933	606	1562	0.0
TRINITY_DN2765_c0_g1_i9	XP_032983812.1	436	87.385	719	1856	0.0
TRINITY_DN2765_c0_g1_i12	XP_036301501.1	197	92.893	360	923	6.04e-115
TRINITY_DN2890_c0_g1_i1	XP_032949098.1	143	98.601	206	524	4.06e-59
TRINITY_DN3951_c0_g2_i2	XP_036271446.1	96	96.875	194	493	1.18e-98
TRINITY_DN3951_c0_g2_i2	XP_036271446.1	88	100.000	187	475	1.18e-98
TRINITY_DN3951_c0_g2_i2	XP_036271446.1	120	73.333	172	435	6.80e-46
TRINITY_DN5180_c0_g1_i1	XP_032955534.1	332	50.000	252	644	1.77e-78
TRINITY_DN5330_c0_g1_i4	XP_036268710.1	199	70.854	235	600	5.44e-74
TRINITY_DN5980_c0_g4_i2	XP_032981852.1	161	96.273	327	837	4.76e-111
TRINITY_DN6035_c1_g1_i1	XP_032969588.1	248	90.323	342	876	8.81e-113
TRINITY_DN6035_c1_g1_i3	XP_032969588.1	177	89.266	327	838	1.55e-106
TRINITY_DN6035_c1_g1_i2	XP_032969588.1	79	93.671	149	376	2.34e-38
TRINITY_DN6035_c1_g1_i2	XP_032969588.1	147	87.755	145	367	3.91e-37
TRINITY_DN6509_c0_g2_i1	XP_032984622.1	183	97.814	342	877	3.54e-117
TRINITY_DN7401_c0_g1_i4	XP_036306566.1	240	97.917	498	1281	1.44e-172
TRINITY_DN7401_c0_g1_i3	XP_036306566.1	141	96.454	290	743	2.59e-92
TRINITY_DN7610_c0_g3_i5	XP_032946110.1	142	95.775	259	662	2.00e-80
TRINITY_DN7619_c0_g1_i1	XP_032971593.1	125	94.400	216	550	1.05e-60
TRINITY_DN7619_c0_g1_i1	XP_032971593.1	174	90.230	203	517	3.81e-56
TRINITY_DN8349_c0_g1_i1	XP_036272660.1	117	96.581	214	545	6.42e-65
TRINITY_DN9717_c0_g1_i3	XP_032979186.1	95	89.474	151	381	4.77e-48
TRINITY_DN9870_c1_g3_i2	XP_032968686.1	111	90.090	202	515	6.15e-60
TRINITY_DN9870_c1_g3_i1	XP_032968686.1	205	85.854	360	924	4.27e-125
TRINITY_DN9816_c0_g1_i5	XP_036291887.1	75	78.667	123	309	2.98e-33
TRINITY_DN9816_c0_g1_i1	XP_036291887.1	75	78.667	124	312	8.87e-34
TRINITY_DN10756_c0_g3_i3	XP_036304918.1	240	93.750	473	1218	9.21e-158
TRINITY_DN11073_c0_g1_i2	XP_036299229.1	120	83.333	228	582	1.13e-73
TRINITY_DN11406_c0_g1_i5	XP_036282079.1	153	89.542	301	770	4.76e-100
TRINITY_DN11528_c0_g2_i5	XP_032955887.1	215	98.605	438	1127	7.89e-145
TRINITY_DN11528_c0_g2_i6	XP_032955887.1	120	98.333	251	640	1.17e-76
TRINITY_DN12808_c0_g1_i2	XP_036281589.1	87	74.713	137	344	3.81e-36
TRINITY_DN13994_c1_g1_i3	XP_036291882.1	81	80.247	133	335	1.40e-35
TRINITY_DN13994_c1_g1_i2	XP_032956874.1	107	79.439	185	469	3.81e-53
TRINITY_DN14156_c0_g1_i1	XP_032985547.1	85	85.882	163	413	1.04e-43
TRINITY_DN14463_c1_g2_i1	XP_032951534.1	122	75.410	150	378	2.43e-69
TRINITY_DN14463_c1_g2_i1	XP_032951534.1	68	94.118	132	333	2.43e-69
TRINITY_DN14541_c1_g4_i1	XP_036288452.1	133	88.722	222	566	1.45e-68
TRINITY_DN15271_c0_g1_i1	XP_032944079.1	800	87.000	1367	3539	0.0
TRINITY_DN15674_c0_g7_i2	XP_036304253.1	101	95.050	200	509	1.85e-60
TRINITY_DN15674_c0_g3_i1	XP_036273737.1	124	97.581	253	647	9.68e-83
TRINITY_DN15793_c0_g3_i2	XP_032962818.1	411	77.616	600	1547	0.0
TRINITY_DN16191_c0_g1_i1	XP_032981344.1	65	95.385	131	330	1.63e-35
TRINITY_DN16739_c1_g2_i3	XP_036286205.1	129	95.349	260	665	1.13e-77
TRINITY_DN16739_c1_g1_i2	XP_036286205.1	75	88.000	140	352	2.47e-36
TRINITY_DN17033_c1_g1_i1	XP_032991041.1	116	96.552	211	538	7.19e-71
TRINITY_DN18733_c0_g1_i4	XP_032950985.1	138	85.507	253	645	3.21e-79
TRINITY_DN18746_c0_g1_i2	XP_036301039.1	160	61.250	172	436	1.64e-49
TRINITY_DN21789_c1_g2_i1	XP_032944905.1	141	98.582	290	741	7.54e-94
TRINITY_DN23592_c0_g2_i2	XP_032951653.1	88	81.818	148	373	4.49e-41
TRINITY_DN23592_c0_g2_i2	XP_032951653.1	80	85.000	142	359	3.86e-39
TRINITY_DN23683_c0_g1_i4	XP_032971666.1	279	87.814	203	516	2.25e-56
TRINITY_DN23683_c0_g1_i2	XP_032971666.1	362	88.950	259	662	4.04e-73
TRINITY_DN27527_c0_g1_i3	XP_036301039.1	70	71.429	100	249	3.27e-37
TRINITY_DN27527_c0_g1_i3	XP_036301039.1	63	60.317	73.2	178	3.27e-37
TRINITY_DN28611_c0_g1_i1	XP_032965701.1	167	92.216	192	487	2.01e-57
TRINITY_DN31600_c0_g3_i1	XP_032978358.1	106	94.340	211	536	3.30e-56
TRINITY_DN31750_c0_g2_i3	XP_036275016.1	76	94.737	153	387	3.90e-47
TRINITY_DN31941_c0_g1_i5	XP_032949873.1	87	80.460	132	331	2.06e-38
TRINITY_DN31941_c0_g1_i3	XP_036298565.1	85	70.588	116	290	4.33e-38
TRINITY_DN31941_c0_g1_i3	XP_036298565.1	41	75.610	61.6	148	4.33e-38
TRINITY_DN33957_c0_g1_i2	XP_032984519.1	204	44.118	160	405	2.42e-43
TRINITY_DN35823_c0_g2_i5	XP_036316039.1	336	80.060	238	608	2.04e-68
TRINITY_DN35823_c0_g2_i4	XP_036316044.1	405	82.469	393	1009	2.77e-126
TRINITY_DN38274_c0_g4_i3	XP_032952381.1	115	93.913	230	587	2.39e-78
TRINITY_DN38274_c0_g4_i4	XP_032952390.1	101	93.069	202	513	2.04e-67
TRINITY_DN41258_c0_g7_i2	XP_032952739.1	197	88.325	334	857	1.39e-106
TRINITY_DN44934_c0_g4_i1	XP_032973915.1	121	87.603	189	479	3.64e-61
TRINITY_DN55711_c0_g1_i5	XP_036276993.1	217	49.309	180	457	7.60e-53
TRINITY_DN55711_c0_g1_i1	XP_032970406.1	119	58.824	119	297	2.49e-32
TRINITY_DN55711_c0_g1_i1	XP_032970406.1	42	42.857	39.3	90	2.49e-32
