TRINITY_DN237_c0_g1_i8	0706294A	216	64.815	266	679	1.35e-83
TRINITY_DN655_c0_g1_i5	AIG99439.1	396	59.343	442	1138	3.71e-132
TRINITY_DN764_c0_g1_i6	P01126.1	262	64.122	340	873	6.62e-113
TRINITY_DN767_c0_g1_i12	CAA76879.1	354	32.768	158	400	7.07e-40
TRINITY_DN767_c0_g1_i12	CAA76879.1	45	35.556	33.1	74	7.07e-40
TRINITY_DN767_c0_g1_i11	CAA76879.1	296	35.811	155	392	6.43e-39
TRINITY_DN767_c0_g1_i11	CAA76879.1	45	35.556	33.1	74	6.43e-39
TRINITY_DN797_c0_g4_i3	P00545.2	183	86.885	305	781	2.98e-93
TRINITY_DN797_c0_g4_i7	P00545.2	256	86.328	436	1121	4.02e-143
TRINITY_DN797_c0_g2_i2	AAA43045.1	681	77.974	1064	2752	0.0
TRINITY_DN828_c0_g1_i12	TVFVSA	315	66.032	446	1148	3.21e-151
TRINITY_DN932_c2_g2_i1	AUS82406.1	387	36.176	189	481	1.20e-49
TRINITY_DN932_c2_g1_i1	AMK06417.1	369	38.211	210	535	9.22e-145
TRINITY_DN932_c2_g1_i1	AMK06417.1	155	56.129	180	457	9.22e-145
TRINITY_DN932_c2_g1_i1	AMK06417.1	178	44.944	130	327	9.22e-145
TRINITY_DN932_c2_g1_i1	AMK06417.1	34	64.706	53.1	126	9.22e-145
TRINITY_DN932_c2_g1_i1	AMK06417.1	29	41.379	31.2	69	9.22e-145
TRINITY_DN932_c0_g1_i6	AGV92856.1	379	40.106	228	580	2.25e-63
TRINITY_DN932_c0_g1_i6	AGV92856.1	53	45.283	42.7	99	2.25e-63
TRINITY_DN1064_c0_g2_i1	QHW16454.1	175	80.571	299	765	6.68e-94
TRINITY_DN1257_c1_g1_i1	NP_041262.1	463	66.955	556	1432	0.0
TRINITY_DN1257_c0_g1_i7	AAA47711.1	685	64.526	928	2399	0.0
TRINITY_DN1257_c0_g1_i11	AAA47711.1	685	64.526	928	2399	0.0
TRINITY_DN1359_c4_g1_i1	AUS82407.1	539	47.681	453	1166	0.0
TRINITY_DN1359_c4_g1_i1	AUS82407.1	167	52.096	155	391	0.0
TRINITY_DN1359_c4_g1_i1	AUS82407.1	101	44.554	88.6	218	0.0
TRINITY_DN1449_c0_g1_i5	NP_598374.1	132	93.182	204	520	1.52e-65
TRINITY_DN1599_c0_g2_i1	YP_009046285.1	126	66.667	185	470	3.44e-56
TRINITY_DN1610_c0_g1_i14	CAA76886.1	548	35.219	308	789	6.67e-88
TRINITY_DN1610_c0_g1_i12	CAA76886.1	548	35.219	308	789	4.83e-88
TRINITY_DN1682_c0_g1_i9	ADC53776.1	85	76.471	143	360	3.08e-37
TRINITY_DN1809_c0_g1_i1	P31748.1	212	97.170	432	1111	1.71e-142
TRINITY_DN1809_c0_g1_i1	P31748.1	104	90.385	201	510	1.47e-54
TRINITY_DN2088_c0_g1_i1	ABQ43618.1	267	47.191	267	682	8.26e-79
TRINITY_DN2088_c0_g1_i8	NP_073527.1	272	52.206	314	804	5.96e-104
TRINITY_DN2287_c1_g1_i3	P11364.1	96	69.792	142	357	1.72e-35
TRINITY_DN2287_c0_g1_i6	P11364.1	140	77.857	224	571	2.35e-69
TRINITY_DN2287_c0_g1_i9	P11364.1	246	58.943	282	721	1.36e-92
TRINITY_DN2554_c0_g1_i6	NP_073534.1	378	33.598	182	462	2.26e-49
TRINITY_DN2537_c0_g1_i6	YP_009507788.1	159	95.597	297	761	2.20e-98
TRINITY_DN2537_c0_g1_i2	YP_009507788.1	159	95.597	295	756	1.12e-98
TRINITY_DN2537_c0_g2_i2	ADI24415.1	109	99.083	227	578	6.82e-76
TRINITY_DN2637_c0_g1_i4	YP_004956814.1	205	60.000	248	634	1.81e-79
TRINITY_DN2637_c0_g1_i4	YP_004956814.1	47	70.213	74.3	181	1.81e-79
TRINITY_DN2765_c0_g1_i2	1007200C	121	69.421	174	442	9.10e-48
TRINITY_DN3087_c1_g1_i1	YP_443923.1	141	53.191	151	381	1.51e-41
TRINITY_DN3167_c0_g1_i1	4E89_A	108	67.593	157	397	7.96e-49
TRINITY_DN3951_c0_g2_i1	AAA43041.1	182	92.857	351	900	3.79e-142
TRINITY_DN3951_c0_g2_i1	AAA43041.1	88	96.591	178	452	3.79e-142
TRINITY_DN4290_c0_g1_i13	AGO14414.1	144	43.056	126	317	4.50e-33
TRINITY_DN4293_c1_g1_i2	QJT93254.1	577	33.969	233	594	5.91e-64
TRINITY_DN4586_c0_g1_i3	AHC55379.1	356	43.258	207	527	3.46e-64
TRINITY_DN4586_c0_g1_i3	AHC55379.1	121	38.843	55.5	132	3.46e-64
TRINITY_DN4586_c0_g1_i3	AHC55379.1	71	32.394	30.4	67	3.46e-64
TRINITY_DN5330_c0_g1_i1	ATI21089.1	193	53.886	174	440	3.64e-47
TRINITY_DN5980_c0_g5_i1	AMP18899.1	243	64.609	334	856	4.03e-112
TRINITY_DN5980_c1_g2_i1	P00527.2	141	58.865	165	417	1.41e-42
TRINITY_DN6035_c1_g1_i4	P17863.1	119	73.109	156	394	1.02e-38
TRINITY_DN6141_c0_g1_i1	P01126.1	134	50.000	135	341	5.45e-36
TRINITY_DN6169_c0_g1_i1	AIF74249.1	1597	56.919	1818	4708	0.0
TRINITY_DN6169_c0_g2_i1	AIF74252.1	168	72.024	274	700	1.21e-83
TRINITY_DN6293_c0_g1_i1	AAB72082.1	91	76.923	152	383	4.45e-37
TRINITY_DN6326_c1_g1_i1	ABC26827.1	209	48.804	201	511	3.28e-61
TRINITY_DN6509_c0_g2_i2	P31748.1	140	75.000	195	496	4.25e-54
TRINITY_DN6572_c2_g1_i3	P04025.2	473	35.307	210	534	4.27e-179
TRINITY_DN6572_c2_g1_i3	P04025.2	384	33.333	172	436	4.27e-179
TRINITY_DN6572_c2_g1_i3	P04025.2	312	29.167	149	377	4.27e-179
TRINITY_DN6572_c2_g1_i3	P04025.2	99	47.475	89.4	220	4.27e-179
TRINITY_DN6572_c2_g1_i3	P04025.2	88	46.591	68.9	167	4.27e-179
TRINITY_DN6572_c2_g1_i3	P04025.2	87	31.034	52.8	125	4.27e-179
TRINITY_DN6572_c2_g1_i5	P04025.2	473	35.307	210	534	3.22e-180
TRINITY_DN6572_c2_g1_i5	P04025.2	384	33.333	172	436	3.22e-180
TRINITY_DN6572_c2_g1_i5	P04025.2	312	29.167	149	377	3.22e-180
TRINITY_DN6572_c2_g1_i5	P04025.2	99	47.475	89.4	220	3.22e-180
TRINITY_DN6572_c2_g1_i5	P04025.2	88	46.591	68.9	167	3.22e-180
TRINITY_DN6572_c2_g1_i5	P04025.2	92	33.696	56.2	134	3.22e-180
TRINITY_DN7401_c0_g1_i1	QED40644.1	195	63.077	267	683	1.61e-82
TRINITY_DN7401_c0_g8_i1	QED40644.1	91	71.429	144	364	9.20e-40
TRINITY_DN7528_c0_g1_i4	YP_008992123.1	343	35.569	194	492	1.54e-56
TRINITY_DN7610_c0_g3_i1	AAA42394.1	124	57.258	131	330	1.35e-36
TRINITY_DN8466_c0_g2_i3	P29176.1	119	90.756	195	495	2.55e-62
TRINITY_DN9029_c0_g4_i1	P00532.1	102	73.529	160	406	2.00e-47
TRINITY_DN9591_c0_g7_i1	P33497.1	126	79.365	180	456	3.37e-51
TRINITY_DN9591_c0_g1_i1	P33497.1	244	52.049	210	535	4.79e-63
TRINITY_DN9870_c1_g3_i5	YP_007003686.1	171	61.988	221	563	1.91e-65
TRINITY_DN11460_c0_g1_i1	0806225A	174	75.287	290	741	7.56e-90
TRINITY_DN11528_c0_g2_i1	P00529.1	250	44.800	211	537	1.25e-64
TRINITY_DN13618_c0_g4_i1	BBA54296.1	78	79.487	132	332	3.66e-36
TRINITY_DN13994_c1_g1_i8	AUI80615.1	148	47.297	127	318	2.92e-33
TRINITY_DN14156_c0_g4_i1	ABI99138.1	298	34.228	192	488	2.12e-53
TRINITY_DN14497_c0_g4_i1	YP_009179248.1	118	53.390	133	334	7.38e-32
TRINITY_DN14594_c0_g1_i1	CAA71417.1	411	36.740	227	578	3.03e-65
TRINITY_DN14541_c1_g1_i1	SPN67837.1	96	80.208	164	415	3.64e-50
TRINITY_DN14541_c1_g4_i2	YP_803312.1	143	85.315	237	604	8.04e-77
TRINITY_DN14878_c0_g1_i1	ASJ26332.1	110	69.091	166	421	4.83e-52
TRINITY_DN14939_c0_g1_i4	CAA71417.1	718	53.482	782	2020	0.0
TRINITY_DN14939_c0_g1_i7	P31623.2	346	50.578	356	914	1.53e-145
TRINITY_DN14939_c0_g1_i7	P31623.2	332	37.952	187	475	1.53e-145
TRINITY_DN14939_c0_g1_i7	P31623.2	321	33.022	166	419	3.87e-39
TRINITY_DN14939_c0_g1_i3	P51517.2	361	49.307	359	922	0.0
TRINITY_DN14939_c0_g1_i3	P51517.2	315	36.190	188	477	0.0
TRINITY_DN14939_c0_g1_i3	P51517.2	251	38.645	160	404	0.0
TRINITY_DN15013_c0_g1_i1	P00529.1	170	64.118	215	547	4.50e-67
TRINITY_DN15271_c0_g4_i1	P00534.2	293	70.648	347	890	1.30e-101
TRINITY_DN15271_c0_g1_i2	AAC60727.1	187	84.492	259	663	3.01e-73
TRINITY_DN15469_c0_g3_i1	YP_009342207.1	188	59.043	222	565	4.43e-67
TRINITY_DN15674_c0_g6_i1	AMP18899.1	137	98.540	278	710	7.11e-92
TRINITY_DN15674_c0_g7_i1	AMP18899.1	190	89.474	363	933	1.20e-124
TRINITY_DN15674_c0_g3_i3	AMP18899.1	96	95.833	197	502	1.69e-59
TRINITY_DN15793_c0_g3_i6	YP_009268722.1	406	37.685	298	762	2.28e-92
TRINITY_DN16011_c0_g2_i2	P31748.1	190	91.579	371	953	5.65e-127
TRINITY_DN16060_c0_g1_i4	1109237F	92	60.870	126	316	5.84e-34
TRINITY_DN16060_c0_g2_i1	1109237A	109	55.046	126	316	2.08e-35
TRINITY_DN16335_c0_g1_i2	AGV92856.1	266	43.233	191	485	1.21e-52
TRINITY_DN16335_c0_g1_i16	AHC55379.1	277	40.072	181	459	5.21e-84
TRINITY_DN16335_c0_g1_i16	AHC55379.1	183	43.716	137	344	5.21e-84
TRINITY_DN16335_c0_g1_i16	AHC55379.1	44	45.455	40.0	92	5.21e-84
TRINITY_DN16739_c1_g2_i1	BBA54297.1	105	92.381	206	523	1.09e-55
TRINITY_DN16739_c1_g6_i1	BBA54296.1	119	78.151	194	492	1.82e-57
TRINITY_DN17045_c0_g1_i1	QHR82554.1	185	49.730	130	326	3.20e-34
TRINITY_DN17033_c1_g1_i3	AAB92355.1	69	98.551	145	365	8.14e-40
TRINITY_DN17033_c1_g1_i2	AAB92355.1	69	98.551	145	367	9.78e-42
TRINITY_DN18746_c0_g1_i3	AAC31804.1	76	65.789	114	285	1.23e-36
TRINITY_DN18746_c0_g1_i3	AAC31804.1	79	56.962	61.2	147	1.23e-36
TRINITY_DN18835_c0_g2_i1	P23092.1	129	75.194	215	547	6.78e-62
TRINITY_DN19588_c0_g1_i1	ABN14183.1	193	49.741	145	365	1.86e-35
TRINITY_DN19588_c0_g2_i1	ABN14182.1	127	63.780	125	315	4.74e-32
TRINITY_DN19706_c0_g1_i1	YP_009046747.1	178	56.742	216	551	1.87e-67
TRINITY_DN19706_c0_g1_i2	YP_009046747.1	130	63.846	172	435	2.95e-45
TRINITY_DN20433_c0_g1_i1	2KGF_A	106	75.472	177	449	1.01e-56
TRINITY_DN20433_c0_g1_i2	2KGF_A	106	74.528	175	444	1.36e-55
TRINITY_DN21359_c0_g1_i1	CAA71418.1	337	39.763	244	622	5.98e-69
TRINITY_DN22174_c0_g1_i9	YP_008658563.1	88	43.182	87.4	215	1.07e-32
TRINITY_DN22174_c0_g1_i9	YP_008658563.1	50	52.000	75.1	183	1.07e-32
TRINITY_DN22900_c0_g1_i1	BAP91048.1	242	29.339	112	281	5.66e-33
TRINITY_DN22900_c0_g1_i1	BAP91048.1	156	32.051	53.5	127	5.66e-33
TRINITY_DN25276_c0_g1_i7	AGV92859.1	373	38.338	184	468	1.23e-98
TRINITY_DN25276_c0_g1_i7	AGV92859.1	324	29.012	87.4	215	1.23e-98
TRINITY_DN25276_c0_g1_i7	AGV92859.1	227	34.361	73.9	180	1.23e-98
TRINITY_DN25276_c0_g1_i7	AGV92859.1	62	43.548	55.1	131	1.23e-98
TRINITY_DN25276_c0_g1_i7	AGV92859.1	77	38.961	50.8	120	1.23e-98
TRINITY_DN25426_c0_g3_i2	P31792.1	249	42.570	150	379	6.44e-37
TRINITY_DN25426_c0_g3_i1	P31792.1	232	42.672	134	338	4.26e-31
TRINITY_DN25404_c0_g2_i2	AMP18891.1	264	58.333	228	580	3.09e-66
TRINITY_DN26122_c0_g1_i4	BAD52414.1	448	29.241	135	339	3.93e-32
TRINITY_DN26122_c0_g1_i4	BAD52414.1	79	32.911	29.6	65	3.93e-32
TRINITY_DN26122_c0_g1_i2	BAD52414.1	451	29.490	142	357	1.95e-40
TRINITY_DN26122_c0_g1_i2	BAD52414.1	66	39.394	50.1	118	1.95e-40
TRINITY_DN29802_c0_g1_i5	NP_955592.1	301	38.538	158	400	2.27e-40
TRINITY_DN31600_c0_g3_i3	CAB56204.1	180	82.222	270	689	2.45e-84
TRINITY_DN31750_c0_g2_i5	YP_009259458.1	74	78.378	132	333	3.54e-59
TRINITY_DN31750_c0_g2_i5	YP_009259458.1	70	70.000	120	301	3.54e-59
TRINITY_DN31750_c0_g2_i6	YP_009118461.1	70	77.143	123	308	2.25e-37
TRINITY_DN31750_c0_g2_i6	YP_009118461.1	31	80.645	58.2	139	2.25e-37
TRINITY_DN31941_c0_g1_i2	YP_009118469.1	183	77.049	276	705	1.07e-92
TRINITY_DN32413_c0_g1_i6	QQH14880.1	138	52.899	149	376	2.96e-43
TRINITY_DN32984_c0_g1_i1	AAC14144.1	154	57.143	192	488	3.62e-61
TRINITY_DN33957_c0_g1_i4	P03364.3	316	50.633	302	773	1.22e-156
TRINITY_DN33957_c0_g1_i4	P03364.3	184	73.913	276	707	1.22e-156
TRINITY_DN33957_c0_g1_i5	P31623.2	340	50.294	348	893	3.91e-168
TRINITY_DN33957_c0_g1_i5	P31623.2	188	71.809	269	688	3.91e-168
TRINITY_DN36432_c0_g1_i2	QEI03669.1	319	42.006	245	625	5.30e-77
TRINITY_DN41910_c0_g5_i1	YP_004935976.1	89	75.281	147	371	4.38e-41
TRINITY_DN44934_c0_g4_i3	P01128.1	101	82.178	143	361	4.61e-42
TRINITY_DN45196_c0_g1_i1	P04048.1	84	85.714	155	393	3.24e-44
TRINITY_DN47836_c0_g1_i1	NP_955595.1	288	91.667	538	1387	0.0
TRINITY_DN47809_c0_g6_i1	P00531.1	82	89.024	120	301	5.64e-31
TRINITY_DN47914_c1_g1_i1	1D1U_A	167	61.078	181	459	6.10e-56
TRINITY_DN53407_c0_g1_i2	AGN73375.1	131	58.015	130	328	1.91e-36
TRINITY_DN53407_c0_g1_i3	AAA66622.1	323	49.226	280	715	4.71e-86
TRINITY_DN55711_c0_g1_i4	P04022.3	211	72.038	271	692	4.49e-85
TRINITY_DN55711_c0_g1_i2	NP_041262.1	101	79.208	122	305	8.25e-32
TRINITY_DN57795_c0_g1_i1	AII71514.1	180	39.444	122	305	6.36e-31
TRINITY_DN60897_c0_g1_i1	AVR53759.1	91	74.725	152	383	2.00e-40
TRINITY_DN61914_c0_g4_i1	QQL10157.1	112	85.714	209	532	5.47e-64
TRINITY_DN67049_c0_g1_i1	AAB66528.1	238	31.933	92.0	227	1.74e-36
TRINITY_DN67049_c0_g1_i1	AAB66528.1	63	69.841	85.9	211	1.74e-36
TRINITY_DN71695_c0_g1_i1	P31748.1	119	81.513	192	489	6.56e-60
TRINITY_DN71695_c0_g1_i1	P31748.1	51	58.824	63.2	152	6.56e-60
TRINITY_DN73177_c1_g2_i1	YP_009664789.1	763	55.963	791	2042	0.0
TRINITY_DN73177_c1_g1_i1	YP_009664790.1	89	80.899	154	390	6.28e-43
TRINITY_DN73177_c0_g1_i1	ACN88715.1	106	88.679	201	512	2.55e-60
TRINITY_DN73177_c0_g2_i1	YP_009664789.1	427	48.478	364	934	3.02e-115
TRINITY_DN73177_c0_g3_i1	ACN88715.1	136	68.382	187	476	8.47e-55
TRINITY_DN79280_c0_g1_i1	AGV92853.1	205	63.415	265	677	7.62e-91
TRINITY_DN79280_c0_g1_i1	AGV92853.1	95	46.316	94.4	233	7.62e-91
TRINITY_DN80777_c0_g1_i1	AAC55943.1	162	93.210	273	697	5.30e-89
TRINITY_DN80905_c0_g2_i1	AIF74249.1	226	72.566	364	935	2.77e-114
TRINITY_DN90930_c0_g1_i3	QJT93256.1	137	54.745	147	371	7.41e-50
TRINITY_DN90930_c0_g1_i3	QJT93256.1	97	44.330	74.7	182	7.41e-50
TRINITY_DN97737_c0_g1_i2	ABC26829.1	193	66.839	244	623	3.71e-78
TRINITY_DN110792_c0_g1_i1	YP_009664791.1	668	57.335	735	1897	0.0
TRINITY_DN178272_c0_g1_i1	ABN14183.1	290	55.517	286	731	7.30e-90
TRINITY_DN178796_c0_g1_i1	QHR82554.1	155	52.903	141	355	1.61e-39
TRINITY_DN219694_c0_g1_i1	ABC26830.1	103	67.961	146	369	5.29e-42
TRINITY_DN228206_c0_g1_i1	AVR53759.1	480	65.625	686	1771	0.0
TRINITY_DN229010_c0_g1_i1	YP_009664789.1	221	70.136	321	822	6.70e-103
TRINITY_DN237_c0_g1_i5	0706294A	216	64.815	265	677	2.33e-83
TRINITY_DN237_c0_g1_i6	1404428A	92	64.130	108	270	2.93e-34
TRINITY_DN237_c0_g1_i6	1404428A	34	76.471	59.3	142	2.93e-34
TRINITY_DN237_c0_g1_i9	0706294A	216	61.574	239	609	3.61e-73
TRINITY_DN764_c0_g1_i4	P01126.1	125	67.200	181	458	5.00e-82
TRINITY_DN764_c0_g1_i4	P01126.1	103	68.932	148	374	5.00e-82
TRINITY_DN764_c0_g1_i7	P01126.1	208	64.904	276	705	1.21e-86
TRINITY_DN764_c0_g1_i2	P01126.1	126	64.286	164	416	2.73e-46
TRINITY_DN828_c0_g1_i1	TVFVSA	315	66.032	447	1149	1.11e-151
TRINITY_DN828_c0_g1_i17	TVFVSA	315	66.032	445	1145	9.72e-151
TRINITY_DN1449_c0_g1_i2	NP_598374.1	88	94.318	125	315	1.54e-36
TRINITY_DN1449_c0_g1_i2	NP_598374.1	25	96.000	50.1	118	1.54e-36
TRINITY_DN1568_c0_g1_i3	P01126.1	99	56.566	122	306	3.69e-32
TRINITY_DN1682_c0_g1_i2	ADC53776.1	85	76.471	143	360	2.65e-37
TRINITY_DN1682_c0_g1_i17	YP_009268752.1	140	69.286	210	534	2.60e-63
TRINITY_DN1682_c0_g1_i15	ADC53776.1	147	52.381	142	358	2.14e-37
TRINITY_DN1682_c0_g1_i12	ADC53776.1	85	76.471	143	360	3.52e-37
TRINITY_DN1809_c0_g1_i6	AAA42545.1	338	95.562	677	1748	0.0
TRINITY_DN1809_c0_g1_i2	P31748.1	119	95.798	232	592	2.08e-66
TRINITY_DN1809_c0_g1_i2	P31748.1	62	85.484	115	288	4.50e-44
TRINITY_DN1809_c0_g1_i2	P31748.1	44	93.182	89.0	219	4.50e-44
TRINITY_DN2287_c0_g1_i4	P11364.1	142	76.761	222	565	6.35e-71
TRINITY_DN2287_c0_g1_i7	P11364.1	118	78.814	191	486	2.04e-55
TRINITY_DN2287_c0_g1_i1	P11364.1	141	77.305	224	571	2.61e-71
TRINITY_DN2287_c0_g1_i2	P11364.1	161	72.050	235	599	2.32e-76
TRINITY_DN2287_c0_g1_i3	P11364.1	144	78.472	231	588	5.18e-73
TRINITY_DN2287_c0_g1_i16	P11364.1	156	74.359	231	588	1.00e-74
TRINITY_DN2287_c0_g1_i15	P11364.1	140	77.857	222	566	4.65e-70
TRINITY_DN2287_c0_g1_i12	P11364.1	157	71.975	226	575	7.98e-73
TRINITY_DN2287_c0_g1_i13	P11364.1	167	68.862	223	567	6.22e-65
TRINITY_DN2287_c0_g1_i10	P11364.1	173	79.191	280	717	9.82e-93
TRINITY_DN2287_c0_g1_i11	P11364.1	157	75.159	234	596	5.52e-76
TRINITY_DN2554_c0_g1_i4	NP_073534.1	289	35.986	157	398	2.91e-40
TRINITY_DN2537_c0_g1_i5	YP_009507788.1	183	95.082	342	877	2.29e-117
TRINITY_DN2537_c0_g2_i1	ADI24415.1	83	98.795	174	440	4.52e-54
TRINITY_DN2637_c0_g1_i1	YP_004956814.1	227	60.793	275	703	1.65e-88
TRINITY_DN2765_c0_g1_i4	P01105.1	390	50.769	335	860	3.23e-100
TRINITY_DN2765_c0_g1_i9	P01105.1	130	74.615	206	524	1.83e-55
TRINITY_DN2765_c0_g1_i9	P01105.1	124	67.742	176	446	7.73e-45
TRINITY_DN2765_c0_g1_i12	1007200C	121	69.421	174	441	7.61e-48
TRINITY_DN3087_c1_g1_i2	YP_443923.1	110	52.727	127	320	3.51e-33
TRINITY_DN3951_c0_g2_i2	AAA43041.1	96	93.750	190	482	1.43e-93
TRINITY_DN3951_c0_g2_i2	AAA43041.1	88	96.591	178	452	1.43e-93
TRINITY_DN3951_c0_g2_i2	AAA43041.1	120	73.333	166	421	1.42e-42
TRINITY_DN5330_c0_g1_i4	ATI21089.1	92	68.478	132	332	3.49e-33
TRINITY_DN5980_c0_g4_i2	P00527.2	120	56.667	148	373	1.23e-40
TRINITY_DN6035_c1_g1_i1	P17863.1	174	58.046	173	439	1.04e-49
TRINITY_DN6035_c1_g1_i3	P17863.1	174	58.046	174	440	2.74e-49
TRINITY_DN6509_c0_g2_i1	P31748.1	183	79.781	284	727	4.98e-93
TRINITY_DN7401_c0_g1_i4	AXN74969.1	240	62.083	334	857	7.15e-111
TRINITY_DN7401_c0_g1_i3	ABH08281.1	141	66.667	216	549	7.30e-65
TRINITY_DN7610_c0_g3_i5	AAC60727.1	142	61.268	164	414	1.27e-46
TRINITY_DN7800_c0_g1_i10	CAB94193.2	198	40.404	137	346	8.87e-33
TRINITY_DN8349_c0_g1_i1	BAN28590.1	117	84.615	187	476	1.01e-56
TRINITY_DN9870_c1_g3_i2	YP_007003686.1	102	70.588	155	391	6.69e-41
TRINITY_DN9870_c1_g3_i1	YP_007003686.1	214	56.075	249	635	1.00e-79
TRINITY_DN11528_c0_g2_i5	P00529.1	220	51.364	223	567	1.59e-69
TRINITY_DN11528_c0_g2_i6	P00529.1	107	64.486	150	379	4.29e-42
TRINITY_DN14541_c1_g4_i1	YP_803312.1	133	78.947	201	512	8.03e-61
TRINITY_DN15271_c0_g1_i1	AAC60727.1	226	82.301	313	801	2.79e-94
TRINITY_DN15216_c0_g1_i4	AGO14414.1	117	45.299	120	300	7.49e-31
TRINITY_DN15674_c0_g7_i2	CAA32947.1	101	96.040	204	518	6.47e-62
TRINITY_DN15674_c0_g3_i1	AMP18899.1	124	91.935	234	596	6.74e-75
TRINITY_DN15793_c0_g3_i2	YP_009268722.1	383	36.292	260	664	8.48e-78
TRINITY_DN16739_c1_g2_i3	P31748.1	129	93.023	256	653	5.90e-74
TRINITY_DN16739_c1_g1_i2	BAR42588.1	72	90.278	140	352	1.45e-34
TRINITY_DN17033_c1_g1_i1	AAB92355.1	73	100.000	156	394	1.87e-46
TRINITY_DN18733_c0_g1_i4	NP_056888.1	126	56.349	157	398	1.27e-41
TRINITY_DN18746_c0_g1_i2	AGZ83084.1	162	57.407	167	422	1.75e-50
TRINITY_DN31600_c0_g3_i1	CAB56204.1	125	73.600	186	472	2.71e-47
TRINITY_DN31750_c0_g2_i3	NP_570754.1	76	76.316	133	335	5.31e-38
TRINITY_DN33957_c0_g1_i2	NP_954564.1	185	64.324	227	579	3.14e-72
TRINITY_DN41258_c0_g7_i2	YP_009509095.1	209	44.976	170	431	7.12e-50
TRINITY_DN44934_c0_g4_i1	P01128.1	101	81.188	142	357	1.24e-41
TRINITY_DN55711_c0_g1_i5	P04022.3	211	72.512	272	695	1.89e-85
TRINITY_DN55711_c0_g1_i1	6HWI_A	119	78.992	183	464	5.82e-57
