TRINITY_DN371_c0_g1_i1	0706294A	158	50.000	158	399	7.38e-46
TRINITY_DN371_c0_g1_i13	0706294A	237	43.038	173	439	2.99e-49
TRINITY_DN433_c0_g2_i1	QCT85318.1	115	80.870	119	299	1.42e-55
TRINITY_DN433_c0_g2_i1	QCT85318.1	102	83.333	112	279	1.42e-55
TRINITY_DN433_c0_g2_i1	QCT85318.1	19	63.158	30.8	68	1.42e-55
TRINITY_DN433_c0_g2_i3	NP_955544.1	126	83.333	150	379	5.48e-43
TRINITY_DN652_c1_g1_i4	AGV92853.1	649	57.627	752	1942	0.0
TRINITY_DN652_c1_g1_i1	AGV92853.1	588	56.633	661	1705	0.0
TRINITY_DN652_c0_g1_i4	AAC96085.1	130	53.846	139	351	1.77e-59
TRINITY_DN652_c0_g1_i4	AAC96085.1	459	27.015	116	290	1.77e-59
TRINITY_DN652_c0_g1_i5	AAC96085.1	130	53.846	139	351	2.11e-59
TRINITY_DN652_c0_g1_i5	AAC96085.1	459	27.015	116	290	2.11e-59
TRINITY_DN652_c0_g1_i11	BAK41631.1	116	54.310	133	334	3.33e-37
TRINITY_DN789_c0_g2_i2	P03364.3	425	76.235	621	1602	0.0
TRINITY_DN1326_c0_g1_i5	AAD44037.1	87	94.253	167	422	2.32e-47
TRINITY_DN1326_c0_g1_i5	AAD44037.1	85	89.412	152	384	8.93e-42
TRINITY_DN1363_c0_g1_i5	P21414.2	837	50.657	733	1893	0.0
TRINITY_DN1363_c0_g1_i5	P21414.2	658	46.353	497	1280	8.05e-143
TRINITY_DN1363_c0_g1_i6	P21414.2	837	50.657	733	1893	0.0
TRINITY_DN1363_c0_g1_i6	P21414.2	653	47.626	520	1338	3.72e-150
TRINITY_DN1567_c0_g1_i1	0706294A	329	40.122	240	613	1.63e-70
TRINITY_DN1567_c0_g1_i11	0706294A	329	40.122	240	613	1.88e-70
TRINITY_DN2005_c0_g1_i4	QCT85317.1	296	82.432	488	1256	4.82e-161
TRINITY_DN2005_c0_g1_i2	NP_955543.1	327	58.104	358	920	9.07e-121
TRINITY_DN2040_c0_g1_i2	YP_007003686.1	206	58.738	248	634	1.58e-78
TRINITY_DN2433_c0_g2_i7	P23092.1	90	72.222	140	353	5.43e-36
TRINITY_DN2871_c0_g5_i1	BBA54296.1	141	87.943	269	687	3.59e-87
TRINITY_DN2871_c0_g3_i3	P31748.1	98	79.592	176	447	4.13e-50
TRINITY_DN3185_c0_g2_i18	YP_009163846.1	158	59.494	199	506	2.57e-55
TRINITY_DN3921_c0_g2_i5	NP_073527.1	236	54.661	276	707	2.42e-91
TRINITY_DN4142_c0_g1_i4	NP_044017.2	182	50.000	184	468	1.95e-53
TRINITY_DN4142_c0_g1_i5	QMV28568.1	182	50.000	185	469	3.43e-54
TRINITY_DN4142_c0_g1_i2	NP_044017.2	182	50.000	184	467	2.07e-53
TRINITY_DN4202_c0_g1_i1	SNB49536.1	129	75.194	164	416	9.00e-51
TRINITY_DN5594_c0_g1_i5	P00543.1	221	80.543	315	807	3.56e-102
TRINITY_DN5594_c0_g1_i5	P00543.1	90	97.778	182	463	3.84e-51
TRINITY_DN5594_c0_g2_i2	AMP18891.1	165	54.545	147	371	1.56e-39
TRINITY_DN5594_c0_g3_i3	P00542.1	96	88.542	141	356	1.41e-37
TRINITY_DN6186_c0_g4_i1	AAA43045.1	94	88.298	178	452	1.01e-47
TRINITY_DN6186_c0_g5_i1	P00545.2	119	82.353	176	445	2.08e-50
TRINITY_DN6186_c0_g6_i1	P00545.2	119	95.798	243	621	1.45e-74
TRINITY_DN6186_c0_g7_i1	AAA43045.1	125	65.600	179	453	3.48e-51
TRINITY_DN6186_c0_g1_i1	P00545.2	149	72.483	195	495	1.51e-56
TRINITY_DN6404_c0_g1_i1	BBA54297.1	158	64.557	193	491	2.66e-58
TRINITY_DN6688_c0_g2_i1	0706294A	135	50.370	132	333	1.64e-36
TRINITY_DN6995_c1_g2_i3	P31748.1	105	93.333	205	521	4.06e-59
TRINITY_DN6995_c0_g1_i3	BAR42588.1	123	78.049	200	509	1.62e-59
TRINITY_DN6917_c0_g1_i8	ABS12072.1	732	47.814	636	1640	0.0
TRINITY_DN6917_c0_g1_i8	ABS12072.1	70	55.714	76.6	187	0.0
TRINITY_DN6917_c0_g1_i8	ABS12072.1	273	49.451	214	545	8.22e-61
TRINITY_DN6917_c0_g1_i8	ABS12072.1	150	26.667	47.8	112	8.22e-61
TRINITY_DN7031_c0_g1_i4	NP_955544.1	103	79.612	147	370	2.54e-41
TRINITY_DN7031_c0_g1_i1	YP_009140128.1	69	78.261	116	291	1.38e-50
TRINITY_DN7031_c0_g1_i1	YP_009140128.1	142	47.183	109	273	1.38e-50
TRINITY_DN7031_c0_g1_i1	YP_009140128.1	88	79.545	166	419	7.15e-41
TRINITY_DN7031_c0_g2_i1	YP_009140128.1	86	91.860	164	416	2.22e-93
TRINITY_DN7031_c0_g2_i1	YP_009140128.1	65	76.923	116	290	2.22e-93
TRINITY_DN7031_c0_g2_i1	YP_009140128.1	254	38.976	108	270	2.22e-93
TRINITY_DN7031_c0_g3_i1	QCT85316.1	121	80.165	216	550	6.94e-65
TRINITY_DN7522_c0_g1_i1	0706294A	109	56.881	126	317	1.19e-34
TRINITY_DN8540_c0_g5_i1	P00534.2	180	64.444	202	514	3.78e-60
TRINITY_DN9400_c0_g1_i5	P17863.1	160	58.750	150	379	4.27e-40
TRINITY_DN9400_c0_g1_i6	P17863.1	115	73.913	149	377	1.37e-36
TRINITY_DN9876_c0_g2_i1	P01126.1	199	49.749	182	463	2.47e-53
TRINITY_DN10035_c0_g1_i6	0706294A	165	49.697	150	378	1.22e-42
TRINITY_DN10376_c0_g1_i2	AGV92853.1	231	51.515	211	537	2.56e-60
TRINITY_DN10684_c0_g9_i1	P33497.1	123	81.301	182	462	1.86e-54
TRINITY_DN11109_c0_g1_i1	P04048.1	150	68.667	232	591	1.31e-74
TRINITY_DN11976_c0_g1_i4	BAK41795.1	395	28.354	158	399	3.02e-50
TRINITY_DN11976_c0_g1_i4	BAK41795.1	122	32.787	67.0	162	3.02e-50
TRINITY_DN11976_c0_g1_i3	BAK41795.1	395	28.354	158	399	2.54e-49
TRINITY_DN11976_c0_g1_i3	BAK41795.1	122	31.148	63.9	154	2.54e-49
TRINITY_DN12609_c0_g1_i3	NP_598374.1	65	87.692	115	289	1.91e-33
TRINITY_DN12609_c0_g1_i3	NP_598374.1	25	96.000	49.7	117	1.91e-33
TRINITY_DN12613_c0_g1_i6	AGV92853.1	965	58.549	1077	2784	0.0
TRINITY_DN12613_c0_g1_i1	AGV92853.1	965	58.342	1066	2756	0.0
TRINITY_DN12613_c0_g1_i3	AGV92853.1	757	61.559	889	2298	0.0
TRINITY_DN13744_c0_g1_i4	QDH76136.1	139	58.273	167	422	3.95e-51
TRINITY_DN13744_c0_g1_i2	QDH76136.1	134	59.701	161	407	8.92e-48
TRINITY_DN13974_c0_g3_i2	AAC60727.1	108	82.407	164	414	3.78e-47
TRINITY_DN13924_c0_g1_i1	AGV92859.1	132	64.394	173	439	3.04e-49
TRINITY_DN16329_c0_g2_i1	YP_009118461.1	76	85.526	142	358	2.99e-40
TRINITY_DN17752_c0_g2_i2	AGV92853.1	701	47.932	584	1506	0.0
TRINITY_DN17752_c0_g2_i2	AGV92853.1	280	47.857	210	534	0.0
TRINITY_DN18161_c0_g1_i2	P11364.1	121	61.983	147	371	1.09e-41
TRINITY_DN18211_c0_g4_i2	P14084.3	95	69.474	137	346	1.08e-37
TRINITY_DN18211_c0_g5_i1	0806225A	119	59.664	150	378	2.03e-39
TRINITY_DN18929_c0_g1_i4	ALE15209.1	161	55.901	181	459	1.66e-56
TRINITY_DN18957_c0_g1_i5	AGV92853.1	89	65.169	122	307	1.16e-31
TRINITY_DN18957_c0_g1_i2	ARB03486.1	136	49.265	138	347	1.23e-52
TRINITY_DN18957_c0_g1_i2	ARB03486.1	71	59.155	92.8	229	1.23e-52
TRINITY_DN18957_c0_g2_i1	ABS12072.1	340	54.706	366	940	3.07e-133
TRINITY_DN18957_c0_g2_i1	ABS12072.1	159	39.623	100	248	3.07e-133
TRINITY_DN18957_c0_g2_i1	ABS12072.1	108	33.333	57.4	137	3.07e-133
TRINITY_DN19721_c0_g2_i1	AAM77033.1	103	99.029	212	539	6.25e-68
TRINITY_DN21182_c0_g3_i1	YP_009177033.1	238	51.681	269	687	1.93e-82
TRINITY_DN21564_c0_g1_i1	AVR53759.1	700	80.286	1094	2829	0.0
TRINITY_DN21564_c0_g1_i2	AVR53759.1	700	80.286	1094	2829	0.0
TRINITY_DN21990_c0_g1_i5	YP_009268752.1	139	70.504	210	535	1.10e-62
TRINITY_DN22136_c0_g2_i4	NP_040203.1	139	73.381	221	562	1.83e-71
TRINITY_DN22791_c0_g2_i1	P04024.2	206	30.097	99.8	247	2.65e-34
TRINITY_DN22791_c0_g2_i1	P04024.2	67	41.791	50.4	119	2.65e-34
TRINITY_DN22791_c0_g2_i1	P04024.2	47	44.681	40.4	93	2.65e-34
TRINITY_DN23507_c0_g1_i1	NP_955544.1	104	79.808	139	350	2.86e-41
TRINITY_DN27955_c0_g1_i1	AJR27940.1	282	89.007	516	1329	0.0
TRINITY_DN28401_c0_g3_i5	AUI80706.1	149	68.456	230	587	8.99e-70
TRINITY_DN28962_c1_g2_i1	CAA78662.1	88	67.045	120	300	5.28e-31
TRINITY_DN30529_c0_g1_i1	P00532.1	110	95.455	225	573	2.65e-73
TRINITY_DN33983_c0_g1_i4	P21415.2	292	32.534	145	366	9.68e-37
TRINITY_DN38639_c0_g1_i3	1D1U_A	230	58.696	256	654	7.48e-84
TRINITY_DN42835_c0_g1_i2	CAB56204.1	258	76.357	345	886	6.85e-106
TRINITY_DN42835_c0_g1_i3	CAB56204.1	274	78.832	388	996	4.08e-128
TRINITY_DN44212_c0_g1_i1	YP_025112.1	187	42.781	160	406	3.55e-45
TRINITY_DN48705_c0_g1_i1	YP_654431.1	404	45.792	318	815	3.91e-101
TRINITY_DN51399_c0_g6_i1	P31748.1	105	72.381	152	383	2.65e-43
TRINITY_DN51399_c0_g8_i1	P31748.1	175	83.429	313	803	1.29e-104
TRINITY_DN53005_c0_g1_i2	YP_009046747.1	120	60.833	150	378	2.27e-42
TRINITY_DN57195_c0_g2_i1	AVR53759.1	202	75.248	325	834	2.75e-106
TRINITY_DN69675_c0_g2_i10	ASH96781.1	154	48.701	146	368	4.49e-56
TRINITY_DN69675_c0_g2_i10	ASH96781.1	140	41.429	98.2	243	4.49e-56
TRINITY_DN69675_c0_g2_i4	ASH96781.1	312	46.474	234	597	2.31e-68
TRINITY_DN93640_c0_g1_i1	YP_009552119.1	434	52.304	473	1216	5.35e-148
TRINITY_DN105213_c1_g1_i8	NP_955579.1	182	47.253	152	383	2.34e-40
TRINITY_DN129125_c0_g2_i1	AAM77033.1	104	82.692	188	477	1.50e-58
TRINITY_DN147167_c0_g1_i1	AAM77033.1	103	87.379	193	490	7.53e-62
TRINITY_DN152320_c0_g1_i1	ADU55774.1	134	100.000	275	703	3.14e-89
TRINITY_DN191549_c0_g1_i1	AYM47524.1	118	66.949	177	448	1.52e-54
TRINITY_DN193767_c0_g1_i1	QPB44480.1	93	62.366	128	321	6.13e-36
TRINITY_DN209962_c0_g1_i1	P23175.1	173	81.503	276	706	3.92e-94
TRINITY_DN962_c0_g2_i1	0706294A	117	52.137	130	326	1.03e-35
TRINITY_DN2040_c0_g1_i6	YP_009329611.1	216	49.537	214	544	3.11e-65
TRINITY_DN2871_c0_g1_i4	BBA54297.1	137	54.745	160	406	4.25e-46
TRINITY_DN2871_c0_g1_i6	BBA54297.1	109	60.550	140	353	8.39e-38
TRINITY_DN2871_c0_g3_i4	P31748.1	102	76.471	173	439	3.16e-49
TRINITY_DN2871_c0_g3_i5	P31748.1	136	66.176	192	487	9.41e-58
TRINITY_DN2871_c0_g3_i2	P31748.1	114	78.947	204	518	1.03e-62
TRINITY_DN3185_c0_g2_i16	YP_009163846.1	238	47.479	216	551	1.69e-67
TRINITY_DN5594_c0_g4_i1	P00542.1	69	97.101	147	370	4.50e-40
TRINITY_DN5594_c0_g1_i2	P00543.1	307	86.319	494	1271	5.43e-174
TRINITY_DN5594_c0_g1_i3	P00543.1	177	78.531	234	597	3.59e-71
TRINITY_DN5594_c0_g3_i2	P00542.1	121	86.777	176	446	1.96e-50
TRINITY_DN5594_c0_g3_i1	P00542.1	120	86.667	175	443	1.61e-50
TRINITY_DN6186_c0_g1_i2	P00545.2	92	66.304	127	320	1.09e-31
TRINITY_DN6404_c0_g1_i2	BBA54296.1	116	93.966	234	596	4.37e-74
TRINITY_DN9400_c0_g1_i4	P17863.1	177	57.062	166	421	2.02e-46
TRINITY_DN9400_c0_g1_i3	P17863.1	177	57.062	167	423	4.18e-47
TRINITY_DN9484_c1_g1_i2	YP_009268722.1	133	48.120	130	327	6.48e-35
TRINITY_DN10035_c0_g1_i2	0706294A	130	53.077	137	344	4.32e-38
TRINITY_DN10035_c0_g1_i8	0706294A	119	52.941	126	316	3.83e-34
TRINITY_DN11976_c0_g1_i5	ALV83313.1	528	32.008	216	550	3.66e-59
TRINITY_DN11976_c0_g1_i1	ALV83313.1	509	31.827	205	521	8.88e-57
TRINITY_DN12609_c0_g1_i4	NP_598374.1	132	91.667	201	512	2.80e-65
TRINITY_DN12609_c0_g1_i1	NP_598374.1	91	89.011	161	407	1.64e-48
TRINITY_DN12609_c0_g1_i8	NP_598374.1	65	87.692	116	291	3.13e-31
TRINITY_DN13744_c0_g1_i1	AAV68488.2	90	55.556	98.2	243	3.21e-33
TRINITY_DN13744_c0_g1_i1	AAV68488.2	47	63.830	65.9	159	3.21e-33
TRINITY_DN14818_c0_g1_i6	0706294A	100	60.000	126	316	1.47e-34
TRINITY_DN18161_c0_g1_i12	P11364.1	157	66.242	206	525	5.09e-65
TRINITY_DN18161_c0_g1_i13	P11364.1	156	66.026	211	538	4.32e-67
TRINITY_DN18929_c0_g1_i5	ALE15209.1	161	56.522	183	465	2.25e-57
TRINITY_DN18929_c0_g1_i1	ALE15209.1	161	55.280	180	456	4.99e-56
TRINITY_DN21564_c0_g1_i3	AVR53759.1	700	79.286	1084	2804	0.0
TRINITY_DN21990_c0_g1_i9	YP_009268752.1	138	71.014	208	530	1.05e-65
TRINITY_DN22136_c0_g2_i11	P27421.1	111	72.973	174	440	1.26e-53
TRINITY_DN22136_c0_g2_i10	NP_040203.1	139	73.381	221	562	5.74e-71
TRINITY_DN22136_c0_g2_i12	NP_040203.1	139	73.381	221	562	1.59e-71
TRINITY_DN22136_c0_g2_i8	P27421.1	111	72.973	174	440	3.78e-53
TRINITY_DN22136_c0_g2_i1	P27421.1	111	72.973	174	440	1.01e-53
TRINITY_DN22136_c0_g2_i3	P27421.1	111	72.973	174	440	3.07e-53
TRINITY_DN24079_c0_g1_i1	P01128.1	84	82.143	121	303	9.46e-34
TRINITY_DN28401_c0_g3_i8	YP_004821507.1	102	66.667	153	386	1.22e-38
TRINITY_DN28401_c0_g3_i7	AUI80706.1	143	68.531	219	559	6.62e-65
TRINITY_DN40553_c0_g1_i2	CAA31582.1	88	65.909	130	328	1.40e-36
TRINITY_DN53005_c0_g1_i1	YP_009046747.1	107	64.486	147	370	1.78e-40
TRINITY_DN72771_c0_g1_i4	QGR54324.1	589	38.540	176	447	5.63e-44
TRINITY_DN72771_c0_g1_i4	QGR54324.1	589	32.937	160	405	9.62e-39
TRINITY_DN72771_c0_g1_i4	QGR54324.1	643	32.348	159	403	1.68e-38
TRINITY_DN72771_c0_g1_i4	QGR54324.1	620	32.097	156	394	2.23e-37
TRINITY_DN72771_c0_g1_i4	QGR54324.1	675	34.222	154	388	1.31e-36
TRINITY_DN72771_c0_g1_i4	QGR54324.1	585	32.308	150	378	2.62e-35
TRINITY_DN72771_c0_g1_i4	QGR54324.1	581	36.317	149	376	4.81e-35
TRINITY_DN72771_c0_g1_i4	QGR54324.1	603	33.167	145	367	5.04e-34
TRINITY_DN72771_c0_g1_i2	AVL95200.1	410	36.341	117	293	9.47e-39
TRINITY_DN72771_c0_g1_i2	AVL95200.1	202	39.604	69.3	168	9.47e-39
TRINITY_DN72771_c0_g1_i2	AVL95200.1	360	34.722	105	261	1.76e-33
TRINITY_DN72771_c0_g1_i2	AVL95200.1	201	32.836	63.9	154	1.76e-33
