TRINITY_DN31_c0_g1_i4	XP_036306256.1	145	91.724	280	717	9.54e-85
TRINITY_DN31_c0_g1_i1	XP_036306256.1	145	91.724	280	717	6.73e-83
TRINITY_DN31_c0_g1_i11	XP_036306256.1	92	91.304	186	471	1.15e-48
TRINITY_DN329_c0_g1_i1	XP_032963114.1	72	100.000	116	291	1.57e-32
TRINITY_DN371_c0_g1_i1	XP_032958483.1	158	56.329	181	458	1.06e-55
TRINITY_DN371_c0_g1_i13	XP_032958483.1	249	53.414	222	565	5.22e-69
TRINITY_DN420_c0_g1_i1	XP_036312143.1	160	93.750	293	751	2.65e-92
TRINITY_DN652_c1_g1_i4	XP_036301047.1	653	56.508	741	1913	0.0
TRINITY_DN652_c1_g1_i1	XP_036301047.1	592	55.236	654	1686	0.0
TRINITY_DN652_c1_g1_i1	XP_036301047.1	90	61.111	120	300	0.0
TRINITY_DN652_c0_g1_i4	XP_036301039.1	454	33.700	231	588	1.87e-62
TRINITY_DN652_c0_g1_i5	XP_036301039.1	454	33.700	231	588	1.13e-61
TRINITY_DN652_c0_g1_i11	XP_036301045.1	115	66.087	140	353	5.93e-38
TRINITY_DN789_c0_g2_i2	XP_032984519.1	381	54.593	400	1028	1.22e-121
TRINITY_DN994_c0_g7_i1	XP_032954213.1	123	91.057	229	585	1.15e-65
TRINITY_DN1326_c0_g1_i5	XP_032947084.1	87	95.402	169	429	9.05e-51
TRINITY_DN1326_c0_g1_i5	XP_032947084.1	87	95.402	169	429	9.05e-51
TRINITY_DN1326_c0_g1_i5	XP_032947084.1	75	98.667	152	385	3.26e-44
TRINITY_DN1363_c0_g1_i5	XP_036301047.1	828	53.502	796	2055	0.0
TRINITY_DN1363_c0_g1_i5	XP_036301047.1	275	35.273	107	267	0.0
TRINITY_DN1363_c0_g1_i5	XP_036301047.1	657	49.467	587	1513	4.10e-174
TRINITY_DN1363_c0_g1_i6	XP_036301047.1	828	53.502	796	2055	0.0
TRINITY_DN1363_c0_g1_i6	XP_036301047.1	632	50.949	617	1591	0.0
TRINITY_DN1363_c0_g1_i6	XP_036301047.1	275	35.273	107	267	0.0
TRINITY_DN1567_c0_g1_i1	XP_032952821.1	403	68.486	527	1357	1.31e-180
TRINITY_DN1567_c0_g1_i11	XP_032952821.1	403	68.486	527	1357	1.74e-180
TRINITY_DN2005_c0_g1_i4	XP_032984519.1	296	56.419	328	842	1.40e-96
TRINITY_DN2040_c0_g1_i2	XP_032968686.1	204	81.863	345	885	6.13e-118
TRINITY_DN2433_c0_g2_i7	XP_032982995.1	263	80.989	420	1080	7.41e-144
TRINITY_DN2871_c0_g5_i1	XP_032984622.1	140	97.857	287	734	4.76e-96
TRINITY_DN2871_c0_g3_i3	XP_036264132.1	105	96.190	219	558	6.15e-68
TRINITY_DN3185_c0_g2_i18	XP_032980538.1	205	75.122	299	766	2.57e-92
TRINITY_DN3255_c1_g1_i6	XP_032958157.1	169	51.479	120	302	4.14e-31
TRINITY_DN3586_c0_g1_i1	XP_032961530.1	88	71.591	135	339	3.16e-36
TRINITY_DN3780_c1_g1_i3	XP_036292325.1	181	71.823	221	562	8.37e-67
TRINITY_DN3868_c0_g3_i2	XP_032943492.1	209	75.120	297	761	1.37e-98
TRINITY_DN3921_c0_g2_i5	XP_036276175.1	250	94.400	499	1286	3.17e-179
TRINITY_DN4090_c0_g1_i4	XP_032984674.1	137	100.000	282	721	1.12e-98
TRINITY_DN4090_c0_g1_i5	XP_032984674.1	101	82.178	165	418	1.44e-46
TRINITY_DN4142_c0_g1_i4	XP_032952807.1	189	80.423	320	820	3.24e-107
TRINITY_DN4142_c0_g1_i5	XP_032952807.1	201	81.095	339	869	1.45e-115
TRINITY_DN4142_c0_g1_i2	XP_032952807.1	189	80.423	320	819	2.83e-107
TRINITY_DN4202_c0_g1_i1	XP_036312683.1	128	91.406	197	500	3.55e-65
TRINITY_DN4202_c0_g2_i2	XP_032973192.1	54	98.148	111	278	2.37e-32
TRINITY_DN4202_c0_g2_i2	XP_032973192.1	22	90.909	45.4	106	2.37e-32
TRINITY_DN4335_c0_g1_i2	XP_036282079.1	145	87.586	279	713	1.29e-91
TRINITY_DN5102_c0_g4_i1	XP_032986478.1	243	95.062	494	1272	1.46e-162
TRINITY_DN5594_c0_g1_i5	XP_032955819.1	221	80.995	328	840	1.50e-104
TRINITY_DN5594_c0_g1_i5	XP_032955819.1	90	97.778	182	463	1.97e-50
TRINITY_DN5594_c0_g2_i2	XP_032955819.1	160	86.875	244	624	2.30e-76
TRINITY_DN5594_c0_g3_i3	XP_036271447.1	96	90.625	145	366	6.62e-40
TRINITY_DN5760_c1_g2_i2	XP_032944708.1	272	84.191	413	1062	1.97e-142
TRINITY_DN5813_c0_g1_i4	XP_032947308.1	204	76.471	319	818	1.22e-97
TRINITY_DN5813_c0_g2_i1	XP_032947312.1	86	77.907	123	308	6.00e-32
TRINITY_DN6066_c1_g1_i1	XP_032944080.1	108	87.963	157	397	3.12e-45
TRINITY_DN6186_c0_g4_i1	XP_036280149.1	140	79.286	219	557	1.56e-63
TRINITY_DN6186_c0_g5_i1	XP_036280151.1	113	90.265	212	539	1.03e-64
TRINITY_DN6186_c0_g6_i1	XP_036280151.1	119	97.479	247	631	1.24e-77
TRINITY_DN6186_c0_g7_i1	XP_032952083.1	127	99.213	264	675	1.08e-83
TRINITY_DN6186_c0_g1_i1	XP_036280151.1	149	81.879	234	597	2.46e-72
TRINITY_DN6275_c0_g2_i3	XP_032948719.1	250	84.000	441	1135	3.82e-156
TRINITY_DN6404_c0_g1_i1	XP_036286205.1	158	63.924	192	488	1.29e-59
TRINITY_DN6688_c0_g2_i1	XP_032958102.1	135	60.741	164	415	9.14e-50
TRINITY_DN6995_c1_g2_i3	XP_036286205.1	105	91.429	202	513	8.14e-60
TRINITY_DN6995_c0_g1_i3	XP_036264132.1	126	96.825	254	650	2.97e-82
TRINITY_DN6917_c0_g1_i8	XP_036301047.1	727	48.006	631	1628	0.0
TRINITY_DN6917_c0_g1_i8	XP_036301047.1	70	58.571	79.7	195	0.0
TRINITY_DN6917_c0_g1_i8	XP_036301047.1	278	48.921	228	582	8.67e-70
TRINITY_DN6917_c0_g1_i8	XP_036301047.1	150	28.000	60.1	144	8.67e-70
TRINITY_DN6982_c0_g1_i1	XP_036278016.1	290	79.310	265	676	4.54e-85
TRINITY_DN7522_c0_g1_i1	XP_032958482.1	108	62.963	140	353	2.15e-41
TRINITY_DN8540_c0_g5_i1	XP_036263753.1	181	95.580	317	813	7.62e-102
TRINITY_DN8539_c0_g2_i3	XP_032977729.1	119	88.235	229	584	5.18e-74
TRINITY_DN9400_c0_g1_i5	XP_032969588.1	234	87.179	294	752	1.73e-93
TRINITY_DN9400_c0_g1_i6	XP_032969588.1	234	87.179	295	755	1.47e-86
TRINITY_DN9400_c0_g1_i7	XP_032969588.1	198	86.364	232	592	2.64e-74
TRINITY_DN9400_c0_g1_i7	XP_032969588.1	41	85.366	69.7	169	2.64e-74
TRINITY_DN9405_c1_g6_i1	XP_036308594.1	122	93.443	241	615	1.25e-73
TRINITY_DN9484_c1_g1_i1	XP_032962820.1	77	87.013	142	357	3.86e-38
TRINITY_DN9798_c0_g4_i2	XP_036307420.1	107	74.766	140	354	2.50e-42
TRINITY_DN9798_c0_g1_i1	XP_036307420.1	133	69.925	191	486	7.08e-63
TRINITY_DN9876_c0_g2_i1	XP_032976854.1	203	96.552	406	1044	3.19e-141
TRINITY_DN10035_c0_g1_i6	XP_032958478.1	167	51.497	167	423	9.64e-51
TRINITY_DN10376_c0_g1_i2	XP_036301047.1	225	51.111	202	513	3.34e-58
TRINITY_DN10684_c0_g9_i1	XP_032956799.1	156	91.667	267	683	3.56e-84
TRINITY_DN11109_c0_g1_i1	XP_032961444.1	157	98.089	332	852	3.13e-108
TRINITY_DN11243_c0_g3_i2	XP_036304921.1	132	94.697	267	682	3.55e-87
TRINITY_DN11976_c0_g1_i4	XP_036301045.1	332	44.880	253	646	7.00e-75
TRINITY_DN11976_c0_g1_i3	XP_036301045.1	332	44.578	251	641	3.72e-74
TRINITY_DN12226_c0_g1_i15	XP_032958105.1	81	72.840	128	321	3.47e-36
TRINITY_DN12609_c0_g1_i3	XP_032975976.1	66	95.455	126	317	3.60e-37
TRINITY_DN12613_c0_g1_i6	XP_036301039.1	964	58.610	1084	2803	0.0
TRINITY_DN12613_c0_g1_i1	XP_036301039.1	964	58.402	1072	2773	0.0
TRINITY_DN12613_c0_g1_i3	XP_036301047.1	757	60.898	897	2318	0.0
TRINITY_DN13744_c0_g1_i4	XP_036284536.1	138	59.420	177	448	1.70e-51
TRINITY_DN13744_c0_g1_i2	XP_032979045.1	133	60.902	168	426	1.55e-47
TRINITY_DN13987_c0_g1_i4	XP_036272577.1	201	85.075	353	907	1.03e-123
TRINITY_DN13974_c0_g3_i2	XP_032944082.1	108	87.037	170	431	1.37e-49
TRINITY_DN13924_c0_g1_i1	XP_036301039.1	132	66.667	194	492	1.31e-57
TRINITY_DN15434_c0_g1_i1	XP_032962289.1	70	88.571	142	358	1.64e-40
TRINITY_DN15595_c0_g6_i1	XP_036292768.1	68	97.059	150	379	3.90e-40
TRINITY_DN15595_c0_g6_i1	XP_036292768.1	107	98.131	146	369	9.23e-39
TRINITY_DN16258_c0_g1_i1	XP_032987243.1	189	91.005	339	870	1.60e-119
TRINITY_DN16329_c0_g2_i1	XP_036275016.1	76	93.421	152	385	2.82e-45
TRINITY_DN17752_c0_g2_i2	XP_036301047.1	698	46.991	566	1460	0.0
TRINITY_DN17752_c0_g2_i2	XP_036301047.1	268	49.254	208	530	0.0
TRINITY_DN17752_c0_g2_i2	XP_036301047.1	80	31.250	51.2	121	0.0
TRINITY_DN18211_c0_g4_i2	XP_032981851.1	95	90.526	181	458	1.55e-54
TRINITY_DN18211_c0_g5_i1	XP_032950781.1	175	88.000	328	841	2.57e-110
TRINITY_DN18929_c0_g1_i4	XP_036301039.1	166	57.229	187	475	1.16e-54
TRINITY_DN18957_c0_g1_i5	XP_036292636.1	81	67.901	115	289	1.11e-32
TRINITY_DN18957_c0_g1_i2	XP_036263900.1	139	43.885	109	273	2.65e-47
TRINITY_DN18957_c0_g1_i2	XP_036263900.1	72	63.889	99.8	247	2.65e-47
TRINITY_DN18957_c0_g2_i1	XP_036263900.1	340	51.176	347	891	1.93e-123
TRINITY_DN18957_c0_g2_i1	XP_036263900.1	160	38.125	97.1	240	1.93e-123
TRINITY_DN18957_c0_g2_i1	XP_036263900.1	117	29.060	42.4	98	1.93e-123
TRINITY_DN19721_c0_g2_i1	XP_032973927.1	108	100.000	219	559	5.75e-74
TRINITY_DN19761_c0_g1_i6	XP_032946592.1	246	78.862	342	876	1.45e-110
TRINITY_DN20322_c0_g4_i2	XP_032988043.1	120	95.833	232	591	1.81e-75
TRINITY_DN21182_c0_g3_i1	XP_036270845.1	293	90.102	566	1460	0.0
TRINITY_DN21990_c0_g1_i5	XP_032965581.1	235	75.745	335	858	1.94e-110
TRINITY_DN22136_c0_g2_i4	XP_036265080.1	139	83.453	249	637	4.70e-84
TRINITY_DN24044_c0_g1_i2	XP_036304943.1	155	91.613	154	388	1.28e-44
TRINITY_DN26122_c0_g2_i1	XP_036270166.1	131	92.366	261	668	1.01e-82
TRINITY_DN27031_c0_g1_i2	XP_032985601.1	81	97.531	167	422	2.08e-44
TRINITY_DN27955_c0_g1_i1	XP_032984519.1	282	44.681	238	607	1.53e-70
TRINITY_DN27988_c0_g7_i1	XP_036291279.1	109	91.743	186	472	2.10e-58
TRINITY_DN28401_c0_g3_i5	XP_036306562.1	282	86.170	489	1260	1.26e-166
TRINITY_DN28962_c1_g2_i1	XP_032981651.1	75	80.000	134	338	1.65e-38
TRINITY_DN30043_c0_g1_i7	XP_032971666.1	292	92.123	252	643	3.80e-70
TRINITY_DN30529_c0_g1_i1	XP_036287056.1	110	97.273	229	583	1.23e-73
TRINITY_DN33983_c0_g1_i4	XP_036301045.1	297	45.791	222	565	7.20e-67
TRINITY_DN33983_c0_g1_i7	XP_036301045.1	175	36.571	99.4	246	7.39e-42
TRINITY_DN33983_c0_g1_i7	XP_036301045.1	95	55.789	92.4	228	7.39e-42
TRINITY_DN34971_c0_g1_i1	XP_036269076.1	262	95.420	281	720	4.69e-86
TRINITY_DN38622_c0_g2_i1	XP_032956872.1	120	78.333	203	516	7.68e-67
TRINITY_DN38639_c0_g1_i3	XP_036283692.1	240	54.583	251	642	1.23e-75
TRINITY_DN42835_c0_g1_i2	XP_032978359.1	258	89.535	405	1042	4.96e-127
TRINITY_DN42835_c0_g1_i3	XP_032978358.1	274	91.241	449	1155	1.15e-149
TRINITY_DN44212_c0_g1_i1	XP_032958794.1	215	98.140	427	1099	2.40e-146
TRINITY_DN45824_c0_g1_i19	XP_032962996.1	206	66.505	202	513	5.73e-62
TRINITY_DN46759_c0_g3_i1	XP_032959168.1	165	50.909	157	397	1.37e-46
TRINITY_DN48705_c0_g1_i1	XP_036288364.1	393	47.837	348	893	4.04e-114
TRINITY_DN51399_c0_g6_i1	XP_032955290.1	104	100.000	219	558	9.55e-72
TRINITY_DN51399_c0_g8_i1	XP_032955290.1	175	99.429	370	949	1.18e-129
TRINITY_DN53005_c0_g1_i2	XP_036303331.1	165	95.758	327	839	1.69e-113
TRINITY_DN53346_c0_g2_i1	XP_036299229.1	99	82.828	188	478	3.60e-58
TRINITY_DN58897_c0_g1_i1	XP_032991183.1	126	88.889	154	388	1.22e-44
TRINITY_DN69675_c0_g2_i10	XP_036301047.1	170	44.118	143	360	3.93e-91
TRINITY_DN69675_c0_g2_i10	XP_036301047.1	263	35.741	134	336	3.93e-91
TRINITY_DN69675_c0_g2_i10	XP_036301047.1	84	57.143	101	252	3.93e-91
TRINITY_DN69675_c0_g2_i4	XP_036301047.1	278	48.921	238	607	1.33e-95
TRINITY_DN69675_c0_g2_i4	XP_036301047.1	263	35.741	134	336	1.33e-95
TRINITY_DN85857_c0_g1_i4	XP_036276974.1	126	94.444	249	636	2.28e-82
TRINITY_DN97654_c0_g1_i1	XP_032983820.1	155	78.065	200	509	4.18e-63
TRINITY_DN105213_c1_g1_i8	XP_036296759.1	147	51.020	149	375	3.74e-40
TRINITY_DN106341_c0_g2_i1	XP_036315177.1	223	65.022	335	860	2.41e-101
TRINITY_DN129125_c0_g2_i1	XP_032945249.1	116	87.069	211	537	1.19e-70
TRINITY_DN147167_c0_g1_i1	XP_032945249.1	108	100.000	221	562	1.02e-75
TRINITY_DN152320_c0_g1_i1	XP_036263900.1	133	66.165	198	503	5.62e-59
TRINITY_DN168381_c0_g1_i1	XP_032953661.1	126	97.619	252	644	1.87e-84
TRINITY_DN192877_c0_g1_i1	XP_032982513.1	150	41.333	127	320	8.55e-35
TRINITY_DN193767_c0_g1_i1	XP_036312429.1	91	65.934	134	336	1.77e-39
TRINITY_DN209962_c0_g1_i1	XP_036292123.1	166	84.940	275	704	4.68e-95
TRINITY_DN31_c0_g1_i14	XP_036306256.1	92	91.304	186	471	9.92e-49
TRINITY_DN31_c0_g1_i10	XP_036306256.1	92	91.304	186	471	1.64e-49
TRINITY_DN962_c0_g2_i1	XP_032958483.1	117	61.538	147	372	1.31e-43
TRINITY_DN2040_c0_g1_i6	XP_032968686.1	216	69.444	284	726	7.74e-94
TRINITY_DN2871_c0_g1_i4	XP_036271988.1	134	88.806	244	622	2.82e-80
TRINITY_DN2871_c0_g1_i5	XP_036271988.1	134	69.403	177	450	6.01e-55
TRINITY_DN2871_c0_g1_i6	XP_036272122.1	109	86.239	198	503	2.64e-61
TRINITY_DN2871_c0_g1_i6	XP_036272122.1	31	87.097	57.0	136	2.64e-61
TRINITY_DN2871_c0_g1_i3	XP_036271988.1	81	83.951	144	363	2.04e-40
TRINITY_DN2871_c0_g3_i4	XP_036264132.1	109	92.661	216	550	5.76e-67
TRINITY_DN2871_c0_g3_i5	XP_036264132.1	142	81.690	237	605	8.64e-77
TRINITY_DN2871_c0_g3_i2	XP_036264132.1	120	96.667	249	635	1.29e-81
TRINITY_DN3185_c0_g2_i19	XP_032980538.1	92	79.348	159	403	6.60e-44
TRINITY_DN3185_c0_g2_i19	XP_032980538.1	114	69.298	133	334	3.21e-34
TRINITY_DN3185_c0_g2_i16	XP_032980538.1	227	75.771	334	857	8.56e-115
TRINITY_DN4090_c0_g1_i1	XP_032984674.1	80	100.000	162	409	2.29e-70
TRINITY_DN4090_c0_g1_i1	XP_032984674.1	57	100.000	123	309	2.29e-70
TRINITY_DN4090_c0_g1_i2	XP_032984674.1	101	82.178	164	414	1.06e-51
TRINITY_DN4090_c0_g1_i3	XP_032984674.1	109	82.569	178	452	3.83e-58
TRINITY_DN4335_c0_g1_i1	XP_036282080.1	140	85.000	265	676	3.39e-86
TRINITY_DN5594_c0_g4_i1	XP_036271446.1	69	92.754	144	363	4.75e-40
TRINITY_DN5594_c0_g1_i2	XP_032955819.1	307	86.645	509	1310	2.42e-176
TRINITY_DN5594_c0_g1_i3	XP_032955819.1	177	77.966	243	620	8.10e-73
TRINITY_DN5594_c0_g3_i2	XP_036271447.1	120	89.167	187	476	2.90e-55
TRINITY_DN5594_c0_g3_i1	XP_036271447.1	144	90.972	215	548	5.84e-66
TRINITY_DN5813_c0_g1_i11	XP_032947308.1	154	75.974	219	558	3.40e-67
TRINITY_DN6186_c0_g1_i2	XP_036280149.1	96	75.000	155	391	1.75e-42
TRINITY_DN6404_c0_g1_i2	XP_036286205.1	116	93.966	229	585	1.38e-74
TRINITY_DN6688_c0_g2_i2	XP_036292264.1	107	58.879	135	339	5.47e-39
TRINITY_DN7457_c0_g1_i2	XP_032955820.1	135	100.000	276	706	1.25e-96
TRINITY_DN9400_c0_g1_i4	XP_032969588.1	178	87.079	312	800	5.84e-101
TRINITY_DN9400_c0_g1_i1	XP_032969588.1	102	91.176	187	476	7.64e-54
TRINITY_DN9400_c0_g1_i3	XP_032969588.1	259	88.031	345	884	7.46e-114
TRINITY_DN9484_c1_g1_i2	XP_036286198.1	137	83.212	237	605	2.62e-76
TRINITY_DN9876_c0_g2_i2	XP_032976854.1	145	95.172	286	732	7.98e-94
TRINITY_DN10035_c0_g1_i2	XP_032958483.1	133	58.647	154	389	5.68e-46
TRINITY_DN10035_c0_g1_i8	XP_032958485.1	126	57.143	137	346	1.38e-39
TRINITY_DN11976_c0_g1_i5	XP_036301045.1	324	45.679	255	652	9.48e-76
TRINITY_DN11976_c0_g1_i1	XP_036301045.1	327	44.037	241	616	1.71e-72
TRINITY_DN12609_c0_g1_i4	XP_032975976.1	133	96.241	219	559	1.28e-73
TRINITY_DN12609_c0_g1_i1	XP_036286344.1	112	81.250	178	452	3.74e-56
TRINITY_DN12609_c0_g1_i8	XP_036286344.1	87	79.310	134	337	5.24e-39
TRINITY_DN13744_c0_g1_i1	XP_036263900.1	90	56.667	102	255	2.64e-32
TRINITY_DN13744_c0_g1_i1	XP_036263900.1	47	46.809	54.3	129	2.64e-32
TRINITY_DN13987_c0_g1_i6	XP_032976993.1	209	84.689	370	951	1.67e-130
TRINITY_DN13987_c0_g1_i1	XP_036272577.1	197	85.279	349	895	5.11e-122
TRINITY_DN14758_c0_g3_i4	XP_036281074.1	92	89.130	165	418	2.39e-52
TRINITY_DN14818_c0_g1_i6	XP_032955497.1	100	75.000	155	393	4.22e-47
TRINITY_DN17917_c0_g1_i16	XP_036278516.1	124	99.194	255	652	5.82e-86
TRINITY_DN17917_c0_g1_i14	XP_036278516.1	125	98.400	256	655	2.62e-85
TRINITY_DN17917_c0_g1_i12	XP_036278517.1	69	100.000	147	370	3.67e-41
TRINITY_DN18929_c0_g1_i5	XP_036301039.1	169	57.396	191	484	6.79e-56
TRINITY_DN18929_c0_g1_i1	XP_036301039.1	169	56.213	186	473	2.66e-54
TRINITY_DN21990_c0_g1_i9	XP_036298841.1	182	79.670	294	753	4.29e-100
TRINITY_DN22136_c0_g2_i11	XP_036265080.1	109	86.239	202	515	3.84e-66
TRINITY_DN22136_c0_g2_i10	XP_036265080.1	139	83.453	249	637	1.52e-83
TRINITY_DN22136_c0_g2_i12	XP_036265080.1	139	83.453	249	637	3.88e-84
TRINITY_DN22136_c0_g2_i8	XP_036265080.1	109	86.239	202	515	1.20e-65
TRINITY_DN22136_c0_g2_i1	XP_036265080.1	109	86.239	202	515	3.06e-66
TRINITY_DN22136_c0_g2_i3	XP_036265080.1	109	86.239	202	515	9.68e-66
TRINITY_DN24079_c0_g1_i1	XP_032973915.1	102	92.157	168	426	1.84e-53
TRINITY_DN28374_c1_g2_i1	XP_032950259.1	153	93.464	192	489	7.18e-57
TRINITY_DN28374_c1_g2_i3	XP_032950260.1	144	94.444	176	445	1.96e-47
TRINITY_DN28401_c0_g3_i8	XP_036306566.1	102	91.176	200	509	1.12e-55
TRINITY_DN28401_c0_g3_i7	XP_036306564.1	148	95.270	300	767	9.24e-94
TRINITY_DN30043_c0_g1_i4	XP_032971666.1	195	89.744	205	521	2.57e-56
TRINITY_DN33983_c0_g1_i5	XP_036301045.1	280	42.857	186	471	1.61e-53
TRINITY_DN33983_c0_g1_i2	XP_036301045.1	80	66.250	113	283	1.21e-49
TRINITY_DN33983_c0_g1_i2	XP_036301045.1	200	36.500	104	259	1.21e-49
TRINITY_DN40553_c0_g1_i2	XP_032953364.1	88	67.045	129	325	6.87e-36
TRINITY_DN53005_c0_g1_i1	XP_036303331.1	110	99.091	227	579	3.00e-73
TRINITY_DN53346_c0_g2_i2	XP_036299229.1	119	84.874	229	583	7.53e-74
TRINITY_DN72771_c0_g1_i4	XP_032969176.1	617	87.520	658	1697	0.0
TRINITY_DN72771_c0_g1_i2	XP_036302577.1	395	91.392	439	1129	0.0
TRINITY_DN72771_c0_g1_i2	XP_036302577.1	201	85.572	227	578	0.0
