TRINITY_DN283_c0_g1_i2	YP_009163846.1	190	53.684	192	489	4.27e-53
TRINITY_DN848_c4_g1_i2	YP_007003686.1	211	57.820	263	671	3.79e-81
TRINITY_DN1146_c0_g1_i5	ALE15163.1	136	64.706	162	409	9.36e-49
TRINITY_DN1146_c0_g2_i1	AAT76454.1	234	50.855	241	614	2.13e-77
TRINITY_DN1160_c0_g1_i1	0706294A	282	68.085	405	1040	1.66e-125
TRINITY_DN1160_c0_g1_i12	0706294A	279	69.534	407	1046	2.51e-126
TRINITY_DN1999_c0_g4_i1	BBA54295.1	114	68.421	163	413	2.84e-47
TRINITY_DN1981_c0_g1_i1	P04027.1	200	75.500	276	705	8.09e-82
TRINITY_DN2067_c0_g1_i2	P00527.2	135	57.778	171	432	1.81e-48
TRINITY_DN2047_c0_g1_i5	AAA46511.1	240	75.833	380	977	2.56e-119
TRINITY_DN2047_c0_g1_i1	AAA46511.1	240	76.250	384	986	2.92e-120
TRINITY_DN2047_c0_g1_i16	BAM33588.1	149	67.785	207	528	3.36e-63
TRINITY_DN2047_c0_g1_i16	BAM33588.1	56	50.000	59.7	143	3.36e-63
TRINITY_DN2047_c0_g1_i16	BAM33588.1	154	64.935	202	514	1.44e-55
TRINITY_DN2047_c0_g1_i11	AAA46511.1	248	75.000	390	1002	7.93e-123
TRINITY_DN2037_c1_g2_i1	AAC31805.1	207	37.681	122	306	2.98e-53
TRINITY_DN2037_c1_g2_i1	AAC31805.1	122	48.361	79.0	193	2.98e-53
TRINITY_DN2037_c1_g2_i1	AAC31805.1	45	57.778	55.8	133	2.98e-53
TRINITY_DN2037_c0_g2_i1	CAB94193.2	356	40.169	223	567	1.38e-60
TRINITY_DN2010_c0_g3_i1	BBA54296.1	134	98.507	285	728	1.25e-93
TRINITY_DN2121_c0_g1_i1	AUI80615.1	142	45.775	127	319	2.50e-32
TRINITY_DN2305_c2_g4_i1	CAA76886.1	143	37.762	109	272	3.65e-34
TRINITY_DN2305_c2_g4_i1	CAA76886.1	89	26.966	52.8	125	3.65e-34
TRINITY_DN2305_c2_g4_i1	CAA76886.1	131	23.664	29.6	65	3.65e-34
TRINITY_DN2695_c0_g2_i1	P01113.1	109	100.000	228	581	3.02e-76
TRINITY_DN2820_c0_g3_i1	YP_009046285.1	122	66.393	177	450	7.11e-53
TRINITY_DN3184_c0_g1_i1	ABN14182.1	307	37.134	185	469	1.04e-49
TRINITY_DN3208_c0_g3_i4	TVFVSA	166	68.072	256	653	2.03e-81
TRINITY_DN4144_c0_g1_i10	AYM25534.1	357	49.020	313	802	2.29e-127
TRINITY_DN4144_c0_g1_i10	AYM25534.1	95	80.000	169	428	2.29e-127
TRINITY_DN4144_c0_g1_i11	AGV92853.1	316	55.063	332	852	7.80e-97
TRINITY_DN4499_c0_g1_i1	ABD97561.1	106	76.415	152	385	3.91e-43
TRINITY_DN5545_c2_g2_i3	AGV92853.1	411	43.796	320	821	9.88e-177
TRINITY_DN5545_c2_g2_i3	AGV92853.1	212	44.340	174	441	9.88e-177
TRINITY_DN5545_c2_g2_i3	AGV92853.1	185	44.865	145	367	9.88e-177
TRINITY_DN5545_c2_g2_i3	AGV92853.1	41	46.341	37.4	85	9.88e-177
TRINITY_DN5545_c2_g2_i3	AGV92853.1	118	30.508	35.4	80	9.88e-177
TRINITY_DN5717_c0_g8_i1	P33497.1	171	78.363	250	639	7.01e-76
TRINITY_DN5806_c0_g4_i1	NP_938393.1	175	53.714	206	525	5.42e-65
TRINITY_DN6591_c0_g1_i2	YP_009665916.1	257	33.074	151	381	1.00e-41
TRINITY_DN6788_c0_g4_i1	YP_009509095.1	152	64.474	199	505	1.58e-61
TRINITY_DN7816_c1_g1_i1	ABC26827.1	194	48.454	154	389	4.38e-43
TRINITY_DN7971_c0_g2_i4	ADZ29857.1	153	67.320	219	559	4.08e-71
TRINITY_DN7919_c0_g1_i5	YP_009268722.1	407	38.575	312	799	7.62e-94
TRINITY_DN9415_c0_g1_i1	AGV92853.1	377	49.867	373	958	7.79e-116
TRINITY_DN9415_c0_g1_i3	AGV92853.1	429	45.921	361	927	1.03e-106
TRINITY_DN9656_c0_g1_i10	BAM67146.1	365	39.726	202	513	4.01e-83
TRINITY_DN9656_c0_g1_i10	BAM67146.1	223	27.354	70.5	171	4.01e-83
TRINITY_DN9656_c0_g1_i10	BAM67146.1	88	38.636	60.1	144	4.01e-83
TRINITY_DN9656_c0_g1_i10	BAM67146.1	62	48.387	45.4	106	4.01e-83
TRINITY_DN9827_c0_g3_i2	YP_009268752.1	128	69.531	193	491	1.68e-56
TRINITY_DN10643_c0_g2_i4	P31748.1	149	91.946	290	741	1.97e-94
TRINITY_DN10812_c0_g3_i3	P00529.1	242	51.653	253	645	2.96e-80
TRINITY_DN11377_c0_g1_i4	YP_003864100.1	166	51.205	172	437	7.96e-48
TRINITY_DN11377_c0_g1_i1	BAM71050.1	855	67.135	1169	3025	0.0
TRINITY_DN11377_c0_g1_i2	AYM25536.1	307	47.231	260	664	5.21e-95
TRINITY_DN11377_c0_g1_i2	AYM25536.1	111	46.847	113	283	5.21e-95
TRINITY_DN11341_c0_g1_i5	CAB94193.2	439	33.713	190	483	4.27e-50
TRINITY_DN11571_c0_g1_i1	C41305	117	52.137	118	296	5.03e-32
TRINITY_DN11861_c0_g2_i2	APT39924.1	129	66.667	195	495	3.07e-58
TRINITY_DN12136_c0_g4_i1	P00542.1	130	89.231	202	513	2.51e-60
TRINITY_DN12703_c0_g1_i1	QQL10157.1	105	64.762	150	378	7.27e-42
TRINITY_DN13430_c0_g2_i1	QOE74372.1	152	51.316	168	425	1.56e-47
TRINITY_DN13751_c0_g1_i7	P00529.1	159	80.503	244	624	4.95e-79
TRINITY_DN14256_c0_g1_i1	ALR70562.1	223	32.287	129	323	8.94e-33
TRINITY_DN14260_c0_g1_i2	P00534.2	104	96.154	206	523	2.09e-62
TRINITY_DN14459_c0_g1_i1	ABN14183.1	159	48.428	150	378	1.51e-38
TRINITY_DN14953_c1_g3_i3	0806225A	155	67.742	217	553	3.67e-63
TRINITY_DN15231_c0_g1_i1	AYC44693.1	182	45.055	173	439	6.41e-52
TRINITY_DN16375_c0_g2_i2	P29176.1	122	91.803	199	506	6.91e-64
TRINITY_DN16491_c0_g1_i2	QHW16454.1	153	79.739	262	670	3.69e-87
TRINITY_DN16638_c0_g2_i3	P00542.1	85	80.000	142	359	3.35e-37
TRINITY_DN18877_c0_g2_i1	AAN77285.1	107	60.748	125	313	5.91e-41
TRINITY_DN18877_c0_g2_i1	AAN77285.1	43	62.791	64.7	156	5.91e-41
TRINITY_DN18877_c0_g3_i1	CAA71417.1	277	39.711	184	466	8.09e-88
TRINITY_DN18877_c0_g3_i1	CAA71417.1	179	47.486	166	420	8.09e-88
TRINITY_DN19654_c1_g1_i1	AFF57735.1	136	55.147	140	353	1.14e-40
TRINITY_DN19654_c1_g1_i3	ABC26827.1	311	50.161	301	771	1.49e-98
TRINITY_DN20592_c0_g4_i1	YP_009509095.1	125	96.000	249	636	8.67e-82
TRINITY_DN20592_c0_g5_i1	P04048.1	113	95.575	198	504	2.83e-62
TRINITY_DN20592_c0_g3_i1	P04048.1	81	100.000	178	451	2.43e-54
TRINITY_DN20669_c0_g10_i1	P00534.2	181	65.746	227	578	1.95e-69
TRINITY_DN21493_c0_g2_i1	AGV92853.1	195	38.974	147	371	3.09e-53
TRINITY_DN21493_c0_g2_i1	AGV92853.1	58	62.069	66.2	160	3.09e-53
TRINITY_DN21493_c0_g2_i1	AGV92853.1	80	30.000	41.2	95	3.09e-53
TRINITY_DN22815_c1_g1_i1	CRL87022.1	128	75.781	166	419	6.17e-50
TRINITY_DN23853_c0_g1_i2	AAC82568.2	678	99.115	1343	3475	0.0
TRINITY_DN26096_c0_g1_i4	ADR80026.1	1062	72.881	1543	3994	0.0
TRINITY_DN26503_c0_g1_i4	AGV92853.1	145	51.724	152	383	1.99e-41
TRINITY_DN26503_c0_g1_i2	AGV92853.1	133	56.391	160	406	1.08e-44
TRINITY_DN27070_c0_g2_i2	YP_758371.1	323	32.508	139	350	5.21e-34
TRINITY_DN28896_c0_g1_i1	BAM33591.1	254	50.000	247	631	2.00e-80
TRINITY_DN32130_c0_g1_i1	NP_598374.1	132	93.939	207	527	3.20e-62
TRINITY_DN32130_c0_g1_i3	NP_598374.1	91	92.308	166	420	6.87e-51
TRINITY_DN33586_c0_g2_i1	NP_955543.1	146	47.945	124	312	5.90e-33
TRINITY_DN38285_c0_g1_i1	Q9TTC1.2	931	52.524	864	2233	0.0
TRINITY_DN38285_c0_g1_i1	Q9TTC1.2	363	48.485	288	737	0.0
TRINITY_DN38285_c0_g1_i1	Q9TTC1.2	137	43.796	87.0	214	0.0
TRINITY_DN38346_c0_g1_i1	ABC26830.1	213	65.728	240	612	2.43e-76
TRINITY_DN38346_c0_g2_i1	ABC26829.1	98	60.204	124	311	3.22e-31
TRINITY_DN42074_c0_g2_i3	QMV28568.1	156	46.795	147	372	3.64e-42
TRINITY_DN43103_c0_g1_i3	AGV92853.1	125	64.800	177	449	1.59e-50
TRINITY_DN46094_c0_g2_i1	ABT13967.1	246	36.179	146	368	2.30e-38
TRINITY_DN46094_c0_g2_i1	ABT13967.1	289	32.872	145	367	3.75e-38
TRINITY_DN46094_c0_g2_i1	ABT13967.1	269	35.688	141	355	1.75e-36
TRINITY_DN46783_c0_g1_i2	P0DOH6.1	78	70.513	133	334	2.06e-34
TRINITY_DN48546_c0_g2_i2	AIK23434.1	90	76.667	125	315	1.14e-34
TRINITY_DN49698_c0_g1_i14	QDH76136.1	145	46.897	132	333	8.11e-36
TRINITY_DN53219_c0_g1_i1	YP_009109701.1	119	80.672	197	502	9.75e-64
TRINITY_DN53600_c0_g1_i5	AAC31805.1	514	40.856	325	832	3.41e-94
TRINITY_DN56255_c0_g4_i2	P00545.2	93	98.925	205	521	2.51e-59
TRINITY_DN56255_c0_g5_i2	P00545.2	123	97.561	262	670	1.36e-81
TRINITY_DN56255_c0_g3_i1	P00545.2	115	88.696	172	436	3.56e-49
TRINITY_DN56769_c0_g1_i1	CAA71418.1	271	39.852	202	514	6.91e-59
TRINITY_DN60690_c0_g1_i1	YP_009664790.1	517	70.600	730	1884	0.0
TRINITY_DN63104_c0_g1_i1	ASH99068.1	120	63.333	163	413	2.40e-47
TRINITY_DN65419_c0_g1_i1	CAB56204.1	147	65.986	158	400	2.07e-41
TRINITY_DN66551_c1_g1_i1	CAB94193.2	134	38.060	78.6	192	2.99e-46
TRINITY_DN66551_c1_g1_i1	CAB94193.2	50	64.000	58.9	141	2.99e-46
TRINITY_DN66551_c1_g1_i1	CAB94193.2	66	43.939	57.8	138	2.99e-46
TRINITY_DN66551_c1_g1_i1	CAB94193.2	147	30.612	57.4	137	2.99e-46
TRINITY_DN75477_c0_g1_i1	AAA46540.1	166	51.205	179	455	3.87e-56
TRINITY_DN76155_c0_g1_i1	AAC15847.1	102	81.373	150	379	9.00e-45
TRINITY_DN78243_c0_g1_i1	ALE15206.1	118	57.627	134	336	9.31e-39
TRINITY_DN80004_c0_g2_i6	QJT93248.1	349	38.968	144	362	6.94e-35
TRINITY_DN86937_c0_g1_i2	0706294A	150	43.333	131	330	7.96e-36
TRINITY_DN93530_c1_g2_i1	P03360.2	183	59.563	229	584	1.08e-67
TRINITY_DN93530_c1_g1_i1	AGV92853.1	175	61.714	221	562	5.17e-65
TRINITY_DN93530_c0_g1_i1	AAL87857.1	312	40.385	172	436	2.92e-44
TRINITY_DN94275_c0_g1_i1	YP_009509095.1	281	45.907	261	667	1.19e-83
TRINITY_DN100158_c0_g3_i2	AAL14421.1	81	74.074	127	320	1.12e-34
TRINITY_DN115058_c0_g2_i1	AAB58752.1	165	63.636	181	458	3.38e-55
TRINITY_DN138180_c0_g1_i1	AGV92858.1	125	48.800	128	321	5.74e-34
TRINITY_DN138180_c0_g1_i1	AGV92858.1	25	68.000	39.3	90	5.74e-34
TRINITY_DN139001_c0_g2_i1	ADI76909.1	175	42.857	120	301	8.26e-37
TRINITY_DN139001_c0_g2_i1	ADI76909.1	58	44.828	57.4	137	8.26e-37
TRINITY_DN163935_c0_g1_i1	AGV92853.1	144	63.194	187	476	6.15e-54
TRINITY_DN200272_c0_g1_i1	AGV92853.1	139	53.957	142	359	2.17e-38
TRINITY_DN219440_c0_g1_i1	ABN14172.1	281	57.651	294	753	9.82e-95
TRINITY_DN227792_c0_g1_i1	AFK83931.1	157	60.510	199	506	1.13e-61
TRINITY_DN233929_c0_g1_i1	AEV80548.1	143	81.818	251	642	6.52e-80
TRINITY_DN246794_c0_g1_i1	BAI22795.1	91	72.527	143	360	4.31e-39
TRINITY_DN283_c0_g1_i3	YP_009163846.1	148	65.541	216	550	6.32e-66
TRINITY_DN1146_c0_g1_i2	BAM33586.1	141	60.284	137	346	1.83e-40
TRINITY_DN1146_c0_g1_i2	BAM33586.1	22	72.727	44.3	103	1.83e-40
TRINITY_DN1146_c0_g1_i2	BAM33586.1	15	53.333	26.6	57	1.83e-40
TRINITY_DN1146_c0_g1_i9	ALE15157.1	131	57.252	127	319	1.70e-35
TRINITY_DN1160_c0_g1_i4	0706294A	154	65.584	189	479	5.01e-58
TRINITY_DN1160_c0_g1_i7	0706294A	152	63.816	174	440	3.44e-52
TRINITY_DN1160_c0_g1_i11	0706294A	263	68.441	346	888	3.89e-105
TRINITY_DN2047_c0_g1_i13	BAM33591.1	230	58.261	267	682	1.23e-84
TRINITY_DN2010_c0_g3_i2	BBA54296.1	70	95.714	142	359	5.25e-38
TRINITY_DN2010_c0_g3_i2	BBA54296.1	62	100.000	134	336	1.12e-34
TRINITY_DN2410_c0_g1_i3	YP_009118469.1	162	74.691	191	486	4.66e-60
TRINITY_DN3208_c0_g4_i4	TVFVSA	110	67.273	157	396	4.61e-42
TRINITY_DN7971_c0_g2_i6	AHF22124.1	108	64.815	140	353	8.40e-37
TRINITY_DN7919_c0_g1_i1	YP_009268722.1	209	40.191	171	433	8.69e-44
TRINITY_DN7919_c0_g1_i1	YP_009268722.1	239	33.891	145	367	4.22e-35
TRINITY_DN9827_c0_g3_i1	YP_009268752.1	128	69.531	191	485	1.08e-54
TRINITY_DN13751_c0_g1_i8	P00529.1	118	78.814	172	437	6.97e-51
TRINITY_DN16491_c0_g1_i1	AQY16639.1	116	76.724	193	490	1.30e-59
TRINITY_DN16638_c0_g5_i1	P00543.1	82	92.683	161	408	1.97e-46
TRINITY_DN26503_c0_g1_i5	AGV92853.1	66	68.182	104	259	3.68e-38
TRINITY_DN26503_c0_g1_i5	AGV92853.1	71	49.296	76.3	186	3.68e-38
TRINITY_DN26503_c0_g1_i6	AGV92853.1	136	49.265	136	343	6.05e-36
TRINITY_DN26503_c0_g1_i9	AGV92853.1	115	49.565	123	309	7.08e-32
TRINITY_DN32130_c0_g1_i4	NP_598374.1	132	93.939	207	527	8.13e-64
TRINITY_DN46094_c0_g2_i3	ABT13967.1	246	36.179	146	368	5.12e-39
TRINITY_DN46094_c0_g2_i3	ABT13967.1	289	32.872	145	367	7.16e-39
TRINITY_DN46094_c0_g2_i3	ABT13967.1	269	35.688	141	356	2.90e-37
TRINITY_DN46094_c0_g2_i5	ABT13967.1	289	32.872	145	366	1.12e-38
TRINITY_DN46094_c0_g2_i5	ABT13967.1	269	35.688	140	354	5.08e-37
TRINITY_DN53219_c0_g1_i2	YP_009109701.1	116	79.310	188	477	6.56e-60
TRINITY_DN56255_c0_g4_i1	P00545.2	133	91.729	232	592	5.67e-70
TRINITY_DN72483_c0_g1_i2	AAB66528.1	169	47.929	129	323	5.76e-33
TRINITY_DN88645_c0_g2_i2	AQY16639.1	76	72.368	120	302	1.19e-34
TRINITY_DN93530_c1_g2_i4	AGV92853.1	181	51.934	209	531	1.48e-90
TRINITY_DN93530_c1_g2_i4	AGV92853.1	119	55.462	132	333	1.48e-90
TRINITY_DN93530_c1_g2_i4	AGV92853.1	35	51.429	37.7	86	1.48e-90
