TRINITY_DN283_c0_g1_i2	XP_032980538.1	193	81.347	300	768	1.06e-92
TRINITY_DN496_c0_g1_i2	XP_036305939.1	171	77.778	259	663	4.12e-83
TRINITY_DN848_c4_g1_i2	XP_036278157.1	212	85.377	380	975	4.61e-128
TRINITY_DN1160_c0_g1_i1	XP_032958485.1	348	79.023	516	1330	1.28e-165
TRINITY_DN1160_c0_g1_i12	XP_032958485.1	366	80.601	540	1391	2.00e-174
TRINITY_DN1421_c1_g1_i7	XP_032962201.1	65	86.154	117	294	1.81e-31
TRINITY_DN1999_c0_g4_i1	XP_036271988.1	113	93.805	201	510	6.27e-64
TRINITY_DN1981_c0_g1_i6	XP_032969193.1	242	80.579	370	951	1.91e-121
TRINITY_DN1981_c0_g1_i1	XP_032969193.1	242	80.579	371	953	9.55e-122
TRINITY_DN2067_c0_g1_i2	XP_032981853.1	179	96.648	362	928	3.11e-124
TRINITY_DN2047_c0_g1_i5	XP_036263900.1	207	67.150	308	790	1.90e-84
TRINITY_DN2047_c0_g1_i5	XP_036263900.1	217	64.055	288	737	5.89e-78
TRINITY_DN2047_c0_g1_i1	XP_036263900.1	207	67.150	309	792	1.91e-84
TRINITY_DN2047_c0_g1_i1	XP_036263900.1	220	63.636	288	736	8.58e-78
TRINITY_DN2047_c0_g1_i11	XP_036263900.1	207	67.150	309	792	1.30e-84
TRINITY_DN2047_c0_g1_i11	XP_036263900.1	250	59.200	296	759	1.23e-80
TRINITY_DN2037_c1_g2_i1	XP_032948216.1	198	47.475	140	353	1.80e-79
TRINITY_DN2037_c1_g2_i1	XP_032948216.1	140	39.286	80.9	198	1.80e-79
TRINITY_DN2037_c1_g2_i1	XP_032948216.1	49	63.265	65.9	159	1.80e-79
TRINITY_DN2037_c1_g2_i1	XP_032948216.1	102	35.294	58.2	139	1.80e-79
TRINITY_DN2037_c1_g2_i1	XP_032948216.1	29	55.172	37.4	85	1.80e-79
TRINITY_DN2010_c0_g3_i1	XP_032964394.1	134	98.507	285	728	2.36e-94
TRINITY_DN2121_c0_g1_i1	XP_032956872.1	176	83.523	306	785	1.07e-101
TRINITY_DN2695_c0_g2_i1	XP_036292123.1	109	100.000	228	581	2.02e-77
TRINITY_DN2820_c0_g3_i1	XP_032959066.1	144	93.750	284	726	5.61e-95
TRINITY_DN3184_c0_g1_i1	XP_032987519.1	369	62.873	449	1156	2.09e-151
TRINITY_DN3208_c0_g3_i4	XP_036288140.1	188	87.766	343	879	1.47e-107
TRINITY_DN3367_c0_g4_i1	XP_032973927.1	60	96.667	124	310	2.10e-33
TRINITY_DN3529_c0_g1_i1	XP_036301996.1	112	94.643	220	561	8.28e-64
TRINITY_DN4144_c0_g1_i11	XP_036301039.1	315	49.206	308	790	2.69e-88
TRINITY_DN4390_c0_g4_i1	XP_032984617.1	115	96.522	209	532	2.61e-66
TRINITY_DN4499_c0_g1_i1	XP_032973192.1	106	93.396	201	510	3.35e-61
TRINITY_DN4500_c1_g1_i4	XP_032950901.1	114	87.719	227	579	2.71e-64
TRINITY_DN4500_c1_g1_i7	XP_032950901.1	112	89.286	226	575	2.16e-65
TRINITY_DN5174_c0_g1_i3	XP_036291887.1	155	89.032	291	746	3.00e-98
TRINITY_DN5331_c1_g1_i1	XP_032950781.1	143	92.308	284	727	4.31e-87
TRINITY_DN5545_c2_g2_i3	XP_036301047.1	412	44.417	325	833	4.84e-173
TRINITY_DN5545_c2_g2_i3	XP_036301047.1	196	47.449	171	432	4.84e-173
TRINITY_DN5545_c2_g2_i3	XP_036301047.1	181	43.094	127	320	4.84e-173
TRINITY_DN5545_c2_g2_i3	XP_036301047.1	115	30.435	38.5	88	4.84e-173
TRINITY_DN5545_c2_g2_i3	XP_036301047.1	35	51.429	35.4	80	4.84e-173
TRINITY_DN5717_c0_g8_i1	XP_032956797.1	504	87.103	889	2297	0.0
TRINITY_DN5806_c0_g4_i1	XP_036276175.1	178	96.629	366	940	6.23e-128
TRINITY_DN5996_c0_g3_i1	XP_032977729.1	119	93.277	237	604	1.36e-74
TRINITY_DN6591_c0_g1_i2	XP_036295214.1	299	95.318	605	1560	0.0
TRINITY_DN6591_c0_g1_i2	XP_036295214.1	288	40.625	218	555	4.50e-65
TRINITY_DN6788_c0_g4_i1	XP_032961444.1	162	99.383	337	864	5.95e-110
TRINITY_DN6869_c0_g1_i2	XP_032987076.1	65	89.231	119	298	2.85e-31
TRINITY_DN7816_c1_g1_i1	XP_036301047.1	194	46.907	160	406	9.77e-45
TRINITY_DN7971_c0_g2_i4	XP_032947312.1	171	92.398	327	839	4.66e-114
TRINITY_DN7919_c0_g1_i5	XP_032962818.1	509	84.086	848	2191	0.0
TRINITY_DN9352_c0_g3_i1	XP_036268715.1	72	84.722	124	312	3.73e-34
TRINITY_DN9415_c0_g1_i1	XP_036296759.1	372	47.849	338	868	6.70e-103
TRINITY_DN9415_c0_g1_i3	XP_036301047.1	429	42.657	321	823	4.90e-92
TRINITY_DN9415_c0_g1_i8	XP_036301045.1	177	51.977	130	327	5.80e-33
TRINITY_DN9656_c0_g1_i10	XP_036301047.1	588	34.694	269	688	7.17e-112
TRINITY_DN9656_c0_g1_i10	XP_036301047.1	206	39.320	132	333	7.17e-112
TRINITY_DN9656_c0_g1_i10	XP_036301047.1	116	33.621	47.0	110	7.17e-112
TRINITY_DN9827_c0_g3_i2	XP_032965581.1	218	80.734	324	831	1.80e-106
TRINITY_DN10643_c0_g2_i4	XP_036309428.1	148	99.324	309	791	4.52e-105
TRINITY_DN10812_c0_g3_i3	XP_032955887.1	276	98.188	566	1460	0.0
TRINITY_DN11377_c0_g1_i1	XP_032984519.1	866	56.351	971	2509	0.0
TRINITY_DN11377_c0_g1_i1	XP_032984519.1	296	54.054	308	788	3.06e-136
TRINITY_DN11377_c0_g1_i1	XP_032984519.1	307	43.322	201	512	3.06e-136
TRINITY_DN11341_c0_g1_i5	XP_032991353.1	280	38.214	136	342	2.98e-33
TRINITY_DN11861_c0_g2_i2	XP_032947868.1	129	91.473	247	631	1.08e-79
TRINITY_DN12136_c0_g4_i1	XP_036271447.1	163	94.479	264	674	9.39e-84
TRINITY_DN12703_c0_g1_i1	XP_036288807.1	105	93.333	208	529	4.31e-66
TRINITY_DN13430_c0_g2_i1	XP_032990561.1	223	72.197	285	728	2.95e-94
TRINITY_DN13751_c0_g1_i7	XP_036270642.1	159	96.226	292	747	2.41e-91
TRINITY_DN13818_c0_g10_i1	XP_036312143.1	242	92.562	478	1231	6.89e-160
TRINITY_DN14256_c0_g1_i1	XP_036267054.1	357	83.754	645	1663	0.0
TRINITY_DN14256_c0_g1_i1	XP_036267054.1	235	36.170	127	319	2.27e-31
TRINITY_DN14260_c0_g1_i2	XP_032944082.1	104	99.038	215	548	2.59e-65
TRINITY_DN14459_c0_g1_i1	XP_036287978.1	189	80.952	286	733	4.35e-92
TRINITY_DN14953_c1_g3_i3	XP_036304253.1	196	87.755	367	943	8.13e-125
TRINITY_DN15231_c0_g1_i1	XP_036291279.1	179	96.089	366	939	1.27e-127
TRINITY_DN15575_c0_g5_i3	XP_036282079.1	181	88.398	343	879	2.57e-115
TRINITY_DN15883_c0_g2_i1	XP_032983616.1	263	63.498	291	745	6.93e-95
TRINITY_DN16375_c0_g2_i2	XP_032965440.1	122	96.721	210	534	1.01e-67
TRINITY_DN16491_c0_g1_i2	XP_032987635.1	160	92.500	309	792	2.91e-107
TRINITY_DN16638_c0_g2_i3	XP_032955819.1	86	81.395	147	371	9.19e-40
TRINITY_DN18877_c0_g2_i1	XP_032953329.1	107	57.009	109	273	1.07e-34
TRINITY_DN18877_c0_g2_i1	XP_032953329.1	42	57.143	55.8	133	1.07e-34
TRINITY_DN18877_c0_g3_i1	XP_032984519.1	177	45.763	149	375	1.59e-67
TRINITY_DN18877_c0_g3_i1	XP_032984519.1	286	32.867	129	325	1.59e-67
TRINITY_DN19654_c1_g1_i1	XP_032948216.1	136	53.676	139	349	3.09e-38
TRINITY_DN19654_c1_g1_i3	XP_036301047.1	313	51.438	306	783	1.05e-93
TRINITY_DN20592_c0_g4_i1	XP_032962314.1	129	97.674	265	677	2.08e-84
TRINITY_DN20592_c0_g5_i1	XP_036272003.1	113	99.115	205	522	3.21e-62
TRINITY_DN20592_c0_g3_i1	XP_036272021.1	110	98.182	236	601	2.13e-73
TRINITY_DN20669_c0_g10_i1	XP_032946110.1	181	96.133	357	917	9.13e-116
TRINITY_DN21493_c0_g2_i1	XP_036312966.1	205	40.976	147	370	1.13e-51
TRINITY_DN21493_c0_g2_i1	XP_036312966.1	53	50.943	50.8	120	1.13e-51
TRINITY_DN21493_c0_g2_i1	XP_036312966.1	73	35.616	47.8	112	1.13e-51
TRINITY_DN22815_c1_g1_i1	XP_036312683.1	137	91.971	218	554	3.96e-72
TRINITY_DN23853_c0_g1_i2	XP_036263900.1	669	66.667	921	2381	0.0
TRINITY_DN24442_c0_g3_i1	XP_036270166.1	232	94.828	410	1054	1.25e-137
TRINITY_DN26096_c0_g1_i4	XP_036314300.1	1067	61.106	1226	3171	0.0
TRINITY_DN26503_c0_g1_i4	XP_036298753.1	150	52.000	151	381	2.27e-42
TRINITY_DN26503_c0_g1_i2	XP_036301047.1	133	58.647	159	403	1.54e-45
TRINITY_DN27070_c0_g2_i2	XP_036272463.1	338	84.024	513	1322	4.88e-178
TRINITY_DN28760_c0_g1_i1	XP_032955607.1	475	82.526	762	1968	0.0
TRINITY_DN32130_c0_g1_i1	XP_032975975.1	140	84.286	244	624	3.46e-77
TRINITY_DN32130_c0_g1_i3	XP_036286344.1	125	79.200	188	477	2.93e-60
TRINITY_DN38285_c0_g1_i1	XP_036301047.1	924	59.848	1009	2610	0.0
TRINITY_DN38285_c0_g1_i1	XP_036301047.1	364	54.396	371	953	1.02e-148
TRINITY_DN38285_c0_g1_i1	XP_036301047.1	105	55.238	110	276	1.02e-148
TRINITY_DN38285_c0_g1_i1	XP_036301047.1	99	50.505	91.7	226	1.02e-148
TRINITY_DN38285_c0_g1_i1	XP_036301047.1	139	46.763	139	350	1.05e-31
TRINITY_DN38346_c0_g1_i1	XP_036301039.1	215	67.907	251	640	4.77e-76
TRINITY_DN38346_c0_g2_i1	XP_036301039.1	98	69.388	133	334	1.27e-34
TRINITY_DN42074_c0_g2_i3	XP_032952807.1	174	89.080	324	831	6.01e-113
TRINITY_DN42552_c0_g1_i2	XP_032966840.1	98	97.959	209	531	2.79e-64
TRINITY_DN42552_c0_g1_i2	XP_032966840.1	73	75.342	122	305	3.79e-32
TRINITY_DN43103_c0_g1_i3	XP_036301039.1	125	64.000	173	439	2.13e-50
TRINITY_DN46094_c0_g2_i1	XP_032986164.1	326	97.546	614	1584	0.0
TRINITY_DN46094_c0_g2_i1	XP_032986164.1	347	38.040	215	548	7.48e-61
TRINITY_DN46094_c0_g2_i1	XP_032986164.1	345	34.493	181	460	3.46e-49
TRINITY_DN46094_c0_g2_i1	XP_032986164.1	344	34.302	175	443	5.99e-47
TRINITY_DN46094_c0_g2_i1	XP_032986164.1	310	36.129	174	442	8.67e-47
TRINITY_DN46094_c0_g2_i1	XP_032986164.1	300	36.000	164	414	4.40e-43
TRINITY_DN48546_c0_g2_i2	XP_036301047.1	90	72.222	122	305	9.82e-36
TRINITY_DN48546_c0_g2_i2	XP_036301047.1	29	65.517	46.2	108	9.82e-36
TRINITY_DN49698_c0_g1_i14	XP_036317248.1	145	49.655	139	351	1.57e-36
TRINITY_DN52033_c0_g1_i1	XP_036306580.1	197	72.081	302	773	4.64e-97
TRINITY_DN52033_c0_g2_i1	XP_036306580.1	167	73.054	249	637	9.50e-78
TRINITY_DN52775_c0_g1_i2	XP_036307420.1	134	80.597	206	524	7.04e-68
TRINITY_DN53600_c0_g1_i5	XP_036263900.1	538	39.777	341	874	1.36e-99
TRINITY_DN56255_c0_g4_i2	XP_032951775.1	93	98.925	205	522	9.02e-61
TRINITY_DN56255_c0_g5_i2	XP_036280151.1	123	100.000	260	665	1.98e-82
TRINITY_DN56255_c0_g3_i1	XP_036280151.1	110	93.636	208	529	2.50e-63
TRINITY_DN56769_c0_g1_i1	XP_032970406.1	261	31.801	139	351	2.30e-36
TRINITY_DN65419_c0_g1_i1	XP_032978359.1	313	80.192	300	769	4.67e-93
TRINITY_DN75477_c0_g1_i1	XP_032984519.1	165	48.485	168	425	7.93e-48
TRINITY_DN76155_c0_g1_i1	XP_036270676.1	102	99.020	184	466	1.07e-55
TRINITY_DN78243_c0_g1_i1	XP_036301047.1	102	68.627	137	344	7.34e-38
TRINITY_DN80004_c0_g2_i6	XP_036301045.1	345	48.406	231	590	1.21e-68
TRINITY_DN86937_c0_g1_i2	XP_036306358.1	150	78.667	242	617	2.72e-80
TRINITY_DN93530_c1_g2_i1	XP_036301039.1	182	61.538	233	595	3.02e-70
TRINITY_DN93530_c1_g1_i1	XP_036301039.1	172	70.349	249	636	3.76e-76
TRINITY_DN93530_c0_g1_i1	XP_036301045.1	305	53.770	248	632	6.11e-74
TRINITY_DN94275_c0_g1_i1	XP_032952739.1	307	88.599	533	1374	6.59e-180
TRINITY_DN100158_c0_g3_i2	XP_032991449.1	81	95.062	164	414	6.67e-50
TRINITY_DN115058_c0_g2_i1	XP_036301047.1	165	64.848	188	478	4.08e-55
TRINITY_DN117606_c0_g1_i1	XP_036294780.1	120	91.667	229	585	2.00e-71
TRINITY_DN127021_c0_g2_i2	XP_032984734.1	88	94.318	166	419	3.07e-48
TRINITY_DN138180_c0_g1_i1	XP_036301047.1	125	50.400	134	336	8.45e-36
TRINITY_DN163935_c0_g1_i1	XP_036301039.1	144	63.889	184	467	5.82e-54
TRINITY_DN200272_c0_g1_i1	XP_036301039.1	141	53.191	144	364	2.68e-40
TRINITY_DN210813_c0_g1_i1	XP_032975329.1	119	100.000	260	664	9.93e-83
TRINITY_DN219440_c0_g1_i1	XP_036287980.1	302	76.821	433	1114	5.96e-151
TRINITY_DN233929_c0_g1_i1	XP_032947868.1	143	95.105	293	749	4.58e-97
TRINITY_DN283_c0_g1_i4	XP_036286186.1	102	61.765	130	328	1.09e-32
TRINITY_DN283_c0_g1_i3	XP_032980538.1	150	86.667	281	719	2.44e-92
TRINITY_DN496_c0_g1_i1	XP_036305948.1	69	95.652	139	350	1.19e-36
TRINITY_DN1160_c0_g1_i4	XP_036292250.1	155	75.484	232	592	4.60e-76
TRINITY_DN1160_c0_g1_i7	XP_036292250.1	153	76.471	228	582	1.53e-74
TRINITY_DN1160_c0_g1_i11	XP_036292250.1	320	75.938	445	1144	1.06e-140
TRINITY_DN1710_c6_g1_i2	XP_032948719.1	248	77.016	386	991	1.55e-134
TRINITY_DN2010_c0_g3_i2	XP_036286205.1	70	95.714	142	357	1.66e-39
TRINITY_DN2010_c0_g3_i2	XP_036286205.1	62	100.000	132	331	1.04e-35
TRINITY_DN2306_c0_g2_i2	XP_036291279.1	80	90.000	156	394	4.79e-47
TRINITY_DN2410_c0_g1_i3	XP_032949086.1	157	75.796	190	482	1.07e-60
TRINITY_DN3208_c0_g4_i4	XP_032989064.1	175	81.714	233	594	3.89e-67
TRINITY_DN3208_c0_g4_i4	XP_032989064.1	110	94.545	218	556	4.56e-62
TRINITY_DN6591_c0_g1_i1	XP_036295216.1	135	94.074	273	697	1.12e-84
TRINITY_DN6591_c0_g1_i3	XP_036295216.1	233	93.991	468	1205	5.15e-163
TRINITY_DN6591_c0_g1_i3	XP_036295216.1	230	38.696	159	403	4.98e-44
TRINITY_DN7971_c0_g2_i6	XP_032947312.1	107	88.785	194	492	8.34e-56
TRINITY_DN7919_c0_g1_i1	XP_032962818.1	308	82.143	489	1260	9.45e-159
TRINITY_DN7919_c0_g1_i1	XP_032962818.1	215	83.256	362	928	1.04e-110
TRINITY_DN9415_c0_g1_i9	XP_036301045.1	177	51.977	130	327	1.88e-31
TRINITY_DN9827_c0_g3_i1	XP_036298831.1	144	94.444	280	716	9.36e-89
TRINITY_DN13751_c0_g1_i8	XP_036270642.1	118	97.458	211	538	4.84e-63
TRINITY_DN14256_c0_g1_i3	XP_036267054.1	188	86.702	360	924	9.73e-115
TRINITY_DN16375_c0_g2_i1	XP_032965440.1	65	92.308	120	301	3.99e-33
TRINITY_DN16491_c0_g1_i1	XP_032987635.1	123	91.057	234	598	2.41e-76
TRINITY_DN16638_c0_g5_i1	XP_032955819.1	82	96.341	169	429	2.93e-49
TRINITY_DN16638_c0_g2_i2	XP_032955819.1	60	73.333	92.8	229	3.90e-31
TRINITY_DN16638_c0_g2_i2	XP_032955819.1	28	96.429	62.4	150	3.90e-31
TRINITY_DN26503_c0_g1_i5	XP_036298753.1	66	71.212	104	260	1.26e-40
TRINITY_DN26503_c0_g1_i5	XP_036298753.1	80	46.250	80.9	198	1.26e-40
TRINITY_DN26503_c0_g1_i6	XP_036298753.1	136	50.735	135	340	8.87e-37
TRINITY_DN26503_c0_g1_i9	XP_036298753.1	118	50.847	125	313	1.19e-33
TRINITY_DN32130_c0_g1_i4	XP_032975976.1	133	98.496	224	572	9.51e-72
TRINITY_DN46094_c0_g2_i3	XP_032986150.1	349	97.708	664	1714	0.0
TRINITY_DN46094_c0_g2_i3	XP_032986150.1	347	38.040	217	552	2.58e-62
TRINITY_DN46094_c0_g2_i3	XP_032986150.1	345	34.493	182	462	2.35e-50
TRINITY_DN46094_c0_g2_i3	XP_032986150.1	310	36.129	176	446	3.50e-48
TRINITY_DN46094_c0_g2_i3	XP_032986150.1	344	34.302	176	446	3.96e-48
TRINITY_DN46094_c0_g2_i3	XP_032986150.1	300	36.000	165	417	2.52e-44
TRINITY_DN46094_c0_g2_i5	XP_032986161.1	318	100.000	622	1604	0.0
TRINITY_DN46094_c0_g2_i5	XP_032986161.1	347	38.040	216	551	3.99e-62
TRINITY_DN46094_c0_g2_i5	XP_032986161.1	345	34.493	182	462	2.74e-50
TRINITY_DN46094_c0_g2_i5	XP_032986161.1	333	35.135	176	446	3.06e-48
TRINITY_DN46094_c0_g2_i5	XP_032986161.1	313	35.783	166	419	1.23e-44
TRINITY_DN49466_c0_g1_i1	XP_032984325.1	103	73.786	166	421	2.94e-49
TRINITY_DN49466_c0_g1_i1	XP_032984325.1	102	73.529	164	416	1.34e-48
TRINITY_DN49466_c0_g1_i1	XP_032984325.1	103	71.845	161	408	1.97e-47
TRINITY_DN49466_c0_g1_i1	XP_032984325.1	103	70.874	155	393	3.06e-45
TRINITY_DN49466_c0_g1_i1	XP_032984325.1	102	70.588	155	392	3.68e-45
TRINITY_DN49466_c0_g1_i1	XP_032984325.1	103	69.903	154	390	7.29e-45
TRINITY_DN49466_c0_g1_i1	XP_032984325.1	103	69.903	152	385	3.36e-44
TRINITY_DN49466_c0_g1_i1	XP_032984325.1	103	68.932	152	385	3.47e-44
TRINITY_DN49466_c0_g1_i1	XP_032984325.1	103	66.990	151	381	1.41e-43
TRINITY_DN49466_c0_g1_i1	XP_032984325.1	103	63.107	140	353	1.11e-39
TRINITY_DN49466_c0_g1_i1	XP_032984325.1	102	63.725	140	352	1.82e-39
TRINITY_DN49466_c0_g1_i1	XP_032984325.1	102	61.765	136	342	4.50e-38
TRINITY_DN49466_c0_g1_i1	XP_032984325.1	87	65.517	120	301	2.00e-32
TRINITY_DN49466_c0_g1_i1	XP_032984325.1	101	54.455	118	296	1.10e-31
TRINITY_DN49466_c0_g1_i2	XP_032984325.1	103	76.699	172	437	1.69e-51
TRINITY_DN49466_c0_g1_i2	XP_032984325.1	102	76.471	171	433	6.16e-51
TRINITY_DN49466_c0_g1_i2	XP_032984325.1	103	73.786	165	418	7.66e-49
TRINITY_DN49466_c0_g1_i2	XP_032984325.1	103	72.816	160	405	5.84e-47
TRINITY_DN49466_c0_g1_i2	XP_032984325.1	102	72.549	159	401	2.15e-46
TRINITY_DN49466_c0_g1_i2	XP_032984325.1	103	71.845	157	398	5.61e-46
TRINITY_DN49466_c0_g1_i2	XP_032984325.1	103	71.845	156	394	2.14e-45
TRINITY_DN49466_c0_g1_i2	XP_032984325.1	103	70.874	155	393	2.68e-45
TRINITY_DN49466_c0_g1_i2	XP_032984325.1	103	68.932	154	389	1.05e-44
TRINITY_DN49466_c0_g1_i2	XP_032984325.1	103	66.990	147	372	2.63e-42
TRINITY_DN49466_c0_g1_i2	XP_032984325.1	102	66.667	145	365	2.40e-41
TRINITY_DN49466_c0_g1_i2	XP_032984325.1	102	65.686	143	360	1.16e-40
TRINITY_DN49466_c0_g1_i2	XP_032984325.1	101	56.436	122	306	4.27e-33
TRINITY_DN49466_c0_g1_i2	XP_032984325.1	87	66.667	122	306	4.58e-33
TRINITY_DN56255_c0_g4_i1	XP_036280149.1	156	94.872	251	640	4.53e-78
TRINITY_DN72483_c0_g1_i2	XP_036317248.1	174	41.954	119	299	5.01e-31
TRINITY_DN82560_c0_g5_i1	XP_032952557.1	152	94.079	296	758	4.15e-91
TRINITY_DN87454_c0_g1_i4	XP_036281074.1	78	100.000	163	413	6.98e-50
TRINITY_DN88645_c0_g2_i2	XP_032987635.1	83	86.747	151	382	3.53e-47
TRINITY_DN93530_c1_g2_i4	XP_036312971.1	180	50.556	190	483	1.23e-83
TRINITY_DN93530_c1_g2_i4	XP_036312971.1	93	64.516	130	328	1.23e-83
TRINITY_DN93530_c1_g2_i4	XP_036312971.1	40	37.500	31.2	69	1.23e-83
